1550 650 -35.3409 71.9775 41.505 -0.62113 -8.2939 32.7576 -29.7169 9.22199 -10.4771 -14.7718 1.53859 -9.96474 -19.6634 -1.81844 16.0317 22.6145 -7.51317 -17.6594 21.6007 18.0739
1250 850 3.7133 30.4514 72.3467 -15.7241 40.0011 34.6376 37.8338 -0.0931075 -29.5643 -28.8423 6.27088 -5.04228 -10.6447 4.39612 -20.5459 -16.2888 -9.42643 4.16775 -1.38451 -19.0842
1250 250 1.77806 30.2456 22.2483 -38.0191 54.8533 25.3697 5.61486 21.8723 -30.1077 -17.1483 25.4705 -23.9219 19.3538 -10.5348 29.3906 -7.50908 -5.22586 -6.02585 7.15535 3.50296
1050 650 7.31677 31.8494 22.3553 -39.2066 68.4947 14.9116 -0.0538979 23.0358 -27.3344 -21.2731 26.8522 -29.0481 18.3362 -10.6332 28.4064 -7.79104 -5.50777 -5.81297 9.89194 5.2058
350 50 -21.3836 18.6503 7.6396 -57.2608 78.0377 43.8623 -1.65257 42.1798 -40.254 -8.83537 23.406 -8.45082 40.9751 -14.3168 22.03 -14.288 -9.53126 13.1273 19.8268 -3.72977
1450 750 8.91177 33.8575 13.9655 -30.83 49.6661 16.6673 13.1722 14.6754 -32.4723 -12.8169 10.8542 -23.8482 3.40684 -16.259 31.9458 -8.03173 -15.8219 -9.88063 5.02895 1.59944
1350 450 4.94415 25.2685 14.3917 -36.8699 50.8207 22.3098 5.48082 19.5623 -30.5491 -17.3211 25.1086 -24.8911 14.1132 -12.6678 33.0761 -5.95338 -2.50773 -7.91417 5.49881 3.14124
950 50 2.8564 46.4721 49.9456 -38.5887 74.8461 27.3583 -9.65368 32.776 -29.0243 -25.5045 30.1306 -25.3656 20.4994 -9.90826 24.2743 -6.4843 -4.59552 1.89502 9.35079 7.09701
550 650 0.779402 40.3615 42.4988 -38.7429 76.2257 37.4439 -2.83795 42.4256 -40.6885 -20.1657 23.2234 -16.5196 20.7785 -10.0735 31.1406 -6.80978 -6.86008 -3.01772 10.6086 0.214858
1550 150 8.42587 57.0894 71.2863 -15.2995 4.48353 32.4012 18.7371 30.6565 -31.6181 5.9944 -6.18301 -22.9771 24.0466 0.0693728 -8.88167 5.37163 -6.97449 -6.01531 -6.35604 -1.19545
150 150 23.6031 28.9826 -12.5351 -16.6989 52.8236 -6.05275 40.9685 33.5543 -26.0572 -25.327 21.1345 -12.1742 18.881 -14.963 35.6802 -19.6008 -14.9445 2.47386 21.4772 17.1723
650 550 24.2281 34.1754 -6.92468 -6.35167 60.1337 -33.4892 20.9008 -6.86724 -22.1343 -11.5751 1.54804 -22.3939 14.721 -26.6845 28.8313 -21.1429 -11.8749 1.36481 21.6271 6.57439
50 450 39.2875 33.1026 -12.3898 -19.7284 50.5597 -32.465 28.6506 11.6173 -21.0877 -17.4783 5.692 -20.3706 6.25142 -20.6117 40.9787 -21.525 -10.6303 -10.5544 8.01195 14.6622
1450 50 -10.8549 20.8879 3.88544 -50.7459 41.1695 37.6567 3.98143 17.163 -33.9699 -12.4969 23.71 -25.0581 13.4094 -5.65172 24.5798 -3.86812 -2.25543 0.0427188 0.0881981 -2.23243
1350 650 8.84251 29.4411 4.28461 -30.0791 57.9408 19.1352 6.462 14.2463 -27.9757 -21.3908 24.787 -27.846 6.10848 -14.3051 32.7599 -4.12983 -10.1661 -3.8229 10.831 5.54127
950 150 2.68116 44.7148 47.0266 -38.229 75.5332 26.0232 -8.02679 32.9877 -29.4762 -24.3151 30.4507 -26.3213 20.9617 -10.2039 24.7498 -6.847 -4.24012 1.94354 9.1231 6.96002
850 250 1.98303 44.2489 48.4368 -35.6394 76.7419 29.1274 -8.47195 36.4296 -34.7119 -22.2921 30.8497 -20.9836 22.1181 -8.24805 26.978 -5.99674 -5.15379 2.49205 9.2572 5.1086
650 350 -2.04665 45.729 51.2054 -37.8763 74.6498 37.594 -2.82853 41.5976 -38.9461 -21.4009 26.9032 -12.6225 20.6633 -6.47921 27.2839 -3.9312 -6.66825 2.20143 10.0386 0.545984
1050 50 3.05556 47.0317 44.9995 -39.0966 73.1634 27.0234 -5.55714 28.3304 -24.9482 -24.9705 32.2006 -28.0402 17.06 -11.489 25.4137 -5.51224 -2.38565 -0.796624 8.83688 8.61963
1550 550 1.15204 62.9709 40.4692 -27.3821 45.4942 20.9262 23.6474 11.7723 -31.4027 -1.62175 -3.13375 -24.1036 1.96066 -10.5358 7.21491 -0.483804 -21.7937 -4.50221 3.83345 0.306991
550 750 -14.3576 30.8132 38.4792 -49.8479 79.9628 22.3291 -0.299144 36.0228 -40.5292 -16.417 27.6675 -11.9017 30.3531 -10.893 23.4605 -5.90669 -8.68763 8.05784 11.3037 -6.30283
850 750 -0.720969 27.8989 28.3924 -40.7195 76.3879 14.4983 -4.15555 30.4432 -32.4268 -15.6757 32.5668 -25.5675 24.1292 -12.5782 28.024 -6.33574 -3.43515 2.68776 9.6842 5.91197
1050 350 4.03457 38.4353 33.2924 -39.4486 69.4235 18.6034 -1.14765 25.1559 -25.3501 -21.3072 31.7714 -30.4346 16.9661 -11.8667 26.2813 -6.42962 -3.09885 -3.62227 9.40126 8.468
50 50 -14.2003 22.2755 12.4984 -65.9054 69.0168 24.7583 3.84516 32.9903 -44.8839 -7.60716 11.8239 -4.46236 34.3519 -12.1368 20.8058 -10.9024 -20.6318 -2.02795 17.5335 -5.77004
350 750 -19.7386 16.8582 29.1339 -55.3745 77.4462 25.535 -3.48608 35.6345 -41.6779 -13.9752 25.6993 -4.96811 40.4018 -14.6335 22.2934 -8.24703 -11.2555 9.47728 10.4665 -6.87816
250 150 -19.1235 18.1669 2.43831 -65.7896 77.0949 33.9395 -0.37399 39.288 -39.5114 -7.47175 23.0739 -9.14972 36.2726 -12.2686 22.1589 -13.1512 -12.0563 6.39616 18.5753 -6.71919
650 250 -8.51194 41.4016 47.5833 -43.2838 75.6491 37.2153 -2.48729 43.1498 -37.8383 -20.9007 29.5835 -10.4254 23.0123 -6.90536 25.1122 -2.74272 -5.60073 5.09445 11.2133 -2.86592
950 250 2.69789 41.767 41.3332 -38.2154 74.5771 24.1288 -5.53493 31.3167 -27.8034 -21.9434 32.7088 -27.2469 20.3724 -11.7119 26.1414 -7.56369 -3.86353 -0.00541862 8.96406 7.87033
250 450 -19.4121 6.35719 8.90608 -62.5378 79.1155 19.003 -6.49504 35.6829 -37.8096 -7.28064 27.702 -3.18269 41.6537 -14.6445 21.9514 -7.61244 -7.36422 10.5003 13.308 -8.19395
1350 550 59.2865 6.42562 -31.8162 3.94292 2.41584 -22.457 39.4897 -15.0285 55.1774 -3.39984 -26.8865 -27.0635 -15.8872 -16.0495 -8.94069 -19.027 0.851612 -10.8708 26.7626 17.9661
750 850 36.4188 1.03519 -51.6103 44.8357 10.9102 21.642 74.9041 -46.0599 22.4184 -4.75725 9.76101 4.13917 -29.751 -3.48469 -5.39006 14.0871 -2.91776 5.72739 29.1734 17.4026
1150 350 47.2156 44.3009 -61.233 -26.3785 4.64326 -4.52101 -8.60257 13.4067 38.9322 38.1403 6.78643 -17.3018 -2.38632 -7.54903 -2.69045 -23.1296 29.5399 -24.3485 -15.9492 16.2293
50 850 -23.0948 -11.9701 -4.3049 -16.4176 58.4308 9.87115 10.026 29.2953 -35.083 -20.5222 23.9214 7.76913 32.7821 -19.6999 24.3962 -0.126478 -12.339 23.8476 11.9014 5.2908
250 550 -10.5822 12.5487 -17.0627 5.53885 -14.8472 -14.5374 -12.2543 -8.06564 27.9756 13.9307 -12.6513 -6.45483 0.198007 -4.64591 7.18233 4.48837 0.292472 -13.8312 -1.8717 8.73843
1150 50 37.7353 -1.99971 6.98645 23.111 -3.76153 -16.7121 -1.20866 -10.2729 18.5364 4.97409 -9.51802 -5.67991 -2.30735 1.47889 -10.1062 -4.67244 9.89238 -8.20098 -9.54106 1.85041
1150 450 21.5946 -0.904608 14.8364 15.198 1.4111 -9.19858 -11.7876 -16.5245 15.6763 10.0306 -10.4343 -8.87852 -1.77306 2.82613 -15.9594 0.445022 8.85669 -9.69354 -8.57756 -0.655237
1250 450 59.2775 -24.4808 -10.6065 -1.39959 17.997 -11.4861 25.6309 -18.056 -6.6216 -0.673009 1.54472 0.202574 -4.02833 -5.21304 -23.524 -14.1041 0.27552 -2.93267 -4.26735 -1.26681
850 550 57.9068 -29.3978 -0.412901 -4.38239 19.2853 -13.6743 24.6029 -18.0713 -8.84452 2.54958 -1.41681 -7.57912 -5.53265 -1.76528 -20.5498 -11.5577 -4.25131 -0.0667104 -1.95242 -6.14026
350 850 54.1106 -28.2648 -0.537286 -3.08561 20.6218 -17.0626 24.5754 -13.7341 -10.5427 0.370208 1.47328 -6.59041 -5.18913 -2.70496 -16.4396 -11.5144 -5.8964 -2.07305 -4.98422 -4.18815
850 150 54.3407 -27.4124 -1.07901 -3.63303 20.3831 -16.1004 25.1118 -14.9139 -11.1251 -0.206433 0.945027 -5.68266 -5.28237 -3.94965 -17.9478 -11.8858 -5.27032 -1.69174 -4.86926 -6.03911
1250 150 55.913 -28.1937 -1.28883 -5.11766 20.8025 -13.5288 25.1803 -16.0913 -10.3563 0.0510359 2.04145 -3.11255 -5.31418 -3.43469 -17.8108 -12.5718 -4.73934 -1.4747 -7.00757 -5.40659
50 650 47.8334 -26.6094 1.3703 -1.78582 20.7723 -17.1392 26.0317 -8.07078 -14.206 -5.58686 -0.453326 -4.76839 -3.09111 -4.07896 -13.7751 -12.0172 -4.91812 -2.84455 -6.01119 -5.38462
250 750 49.8351 -26.4578 -0.0713203 -2.41631 20.719 -16.7449 25.7829 -9.92592 -12.8369 -3.40919 0.862603 -6.05145 -4.05907 -2.70589 -15.7011 -11.5833 -5.62185 -2.56891 -5.29492 -4.92183
250 50 49.92 -26.9929 0.622416 -2.54671 21.0493 -17.1201 25.7939 -9.86112 -13.7444 -2.9995 1.15291 -5.56478 -4.2918 -3.29115 -14.3278 -11.4969 -6.10267 -2.85364 -6.08944 -5.62297
850 350 54.4873 -28.198 -1.02774 -3.15399 20.6142 -15.76 24.5266 -15.1205 -9.56505 0.489139 0.572761 -6.6496 -5.35085 -3.48404 -17.8838 -11.4311 -5.08803 -2.78251 -4.25198 -4.56835
550 450 53.6678 -27.0786 -1.90244 -2.59684 20.1207 -17.1154 25.3358 -13.6883 -11.3533 -0.79233 0.99062 -7.06569 -4.90408 -3.01101 -18.0291 -12.0255 -5.19213 -3.00185 -3.84734 -4.69455
450 50 51.084 -26.8234 -0.975277 -2.55343 20.8139 -17.1725 24.5409 -12.2388 -11.2568 -2.0795 1.10984 -6.28721 -4.28696 -3.06057 -15.2327 -12.2641 -3.92935 -2.98939 -6.45097 -4.25781
1350 850 60.2129 -31.5074 0.705843 -5.79668 17.7939 -9.79226 26.7637 -18.8896 -8.07196 3.57728 -1.03769 -5.72003 -5.85572 -1.673 -20.9846 -10.5153 -6.04692 1.2732 -1.87934 -5.78796
450 850 54.4284 -27.6257 -1.1036 -3.4849 19.6452 -16.6329 24.5387 -14.5945 -10.0809 1.44839 0.533571 -6.40548 -5.36009 -2.4006 -17.0426 -11.727 -5.79749 -2.38436 -4.36354 -2.91709
650 650 56.6294 -29.2815 -1.59481 -3.13485 19.836 -15.1588 24.6381 -17.1469 -8.93153 1.48163 -0.0746249 -7.53466 -5.4685 -2.54687 -19.3874 -11.6382 -5.41993 -2.05261 -3.49644 -3.93442
450 550 54.6324 -28.609 -1.90714 -2.78476 19.9582 -16.3738 24.0607 -14.68 -9.91336 0.0317399 0.746144 -6.48862 -5.33276 -2.86259 -17.6396 -11.9605 -4.31854 -3.32798 -5.08187 -2.77595
850 50 54.0603 -30.783 0.883779 -5.87582 21.7261 -14.9738 22.2604 -16.761 -7.66431 0.485661 1.04848 -3.96907 -5.99242 -3.99461 -16.7748 -10.1225 -4.55489 -2.02062 -7.78826 -3.57322
250 850 51.4135 -27.8493 -0.398196 -2.31282 21.1767 -17.4023 24.9063 -11.5727 -12.4033 -1.57128 1.38949 -5.94841 -4.33706 -3.03117 -15.7488 -11.5389 -6.09977 -2.63098 -5.40043 -3.84886
850 450 55.1786 -31.489 0.481782 -4.77682 21.4779 -15.1572 21.472 -17.4188 -7.17368 0.776542 -0.076 -6.86034 -5.97037 -3.03014 -17.8544 -10.303 -4.04114 -2.57844 -5.98372 -2.53885
1150 650 59.6458 -30.6341 -2.02861 -4.80349 19.6048 -12.0011 24.6833 -19.0868 -6.56328 0.802944 -1.25078 -6.23127 -5.16491 -2.60326 -20.7852 -10.3691 -4.20195 -1.55129 -4.72144 -3.17151
350 350 53.4961 -28.3259 -1.09414 -3.29902 20.9271 -17.5848 23.8497 -14.0827 -9.22945 -0.0108952 0.712208 -5.61693 -4.59143 -2.98949 -16.3083 -11.8483 -4.47591 -3.21495 -6.58483 -2.77518
1350 50 57.1565 -24.144 1.71267 -6.0051 15.3382 -6.02079 30.2709 -13.1843 -15.5016 5.59442 0.253223 -2.98097 -3.80504 -0.0282013 -20.6105 -14.0494 -1.08441 7.65591 -3.04889 -2.27196
750 650 54.6243 -30.3952 0.213446 -3.78202 20.4528 -16.7264 22.2193 -16.4771 -7.88228 1.70517 1.00171 -7.37349 -5.06043 -2.74836 -17.7991 -10.7656 -4.91619 -2.40527 -5.57465 -3.41968
750 750 54.8531 -29.8817 -0.336401 -4.33612 20.3004 -15.4714 22.1814 -16.7679 -7.76919 2.28369 0.0427115 -7.3417 -6.12379 -3.19523 -17.3336 -11.1727 -4.20674 -1.23487 -4.75622 -2.15905
50 150 50.3191 -26.6815 0.208093 -1.93345 21.3051 -18.014 23.9864 -10.0034 -11.1735 -2.30399 0.434437 -5.41439 -3.99517 -2.9622 -13.8179 -11.9769 -4.82521 -3.76791 -8.09943 -3.31727
1550 450 56.7335 -28.5077 -0.0260392 -6.2198 19.74 -12.2822 24.6288 -17.9649 -9.53558 1.50196 1.14209 -3.95626 -5.08938 -2.37959 -17.528 -11.2465 -5.59284 -0.875504 -5.83134 -5.01052
150 350 48.9891 -26.3268 0.505974 -2.00388 20.9334 -17.3759 24.301 -8.92634 -12.5499 -3.51364 0.218553 -5.64381 -3.50619 -2.36585 -14.6335 -12.3838 -5.23988 -3.46169 -7.27596 -3.53915
150 250 48.7011 -26.6204 1.03344 -2.10193 20.7859 -17.3242 24.6851 -8.94684 -13.0763 -3.6304 0.685784 -4.85257 -3.52747 -2.52812 -13.7272 -11.5611 -4.99659 -3.10614 -7.4697 -4.16844
950 850 58.078 -28.0978 -1.93949 -3.94273 19.4534 -15.1395 25.1804 -17.2656 -8.17194 1.42753 0.175466 -7.23035 -5.11725 -2.15811 -19.8729 -11.9517 -4.34173 -2.31199 -3.29559 -4.3463
550 150 53.2119 -26.4718 -0.666987 -3.21959 19.851 -16.4911 24.8216 -14.2702 -10.2292 0.613566 0.378224 -6.12668 -5.00556 -2.38348 -17.2621 -12.2254 -4.47639 -2.50807 -5.45643 -3.88596
1450 350 57.2813 -29.9068 2.79652 -8.23515 19.5492 -9.87339 26.1023 -18.3765 -8.62925 1.46902 1.1474 -3.72717 -5.22724 -0.819183 -18.1335 -9.71028 -6.69043 0.00757003 -4.15234 -5.25802
150 550 50.2028 -26.2839 0.266938 -2.67313 20.5861 -17.9923 24.8948 -10.5026 -12.5923 -2.69596 0.843565 -5.71922 -3.87355 -2.95903 -15.3764 -12.0473 -5.5763 -2.58732 -6.4041 -3.66275
950 750 56.2884 -30.2011 -0.784988 -4.43423 20.2982 -15.1667 23.1831 -17.5647 -6.92831 1.78174 0.44069 -7.08753 -5.56509 -2.85591 -18.012 -11.7926 -4.57249 -2.08965 -5.15787 -3.05379
250 250 53.416 -29.3719 -0.173903 -6.25577 4.94819 -9.94823 25.5487 -13.6111 -3.97067 4.7679 2.12391 -3.90081 -11.4822 -12.4502 -20.3632 -12.9083 0.328759 2.90584 -6.97677 6.00591
450 250 56.7759 -31.0078 4.75424 -7.07157 6.00266 -3.66323 25.9339 -20.255 -8.21649 2.82006 13.5799 -2.33164 -14.4756 -6.5772 -22.1103 -11.5248 -4.77356 -1.35439 -4.72922 -0.405655
1150 550 62.5529 -30.4367 7.03856 -9.51087 -0.034437 -1.71236 34.2078 -18.175 -5.28196 -0.932437 12.8591 -2.20117 -13.5795 -3.82347 -25.4798 -13.3966 -3.8159 0.685629 -1.6361 0.996508
950 650 64.2771 -31.264 3.91461 -7.02497 0.116773 -2.98904 33.463 -19.2665 -1.61175 -1.08347 13.1222 -3.08192 -13.1915 -4.15273 -26.4823 -14.112 -2.32486 -0.327585 -2.72514 0.92098
1450 150 63.0106 -20.8009 6.5919 -8.324 1.89837 3.16828 41.7495 -14.9968 -6.94302 3.79552 14.5539 -1.32791 -10.8133 -0.347631 -18.8596 -11.8806 -3.16378 2.16764 2.53465 4.60653
950 550 59.5926 -34.0348 6.06392 -8.65275 4.26267 -2.28305 29.0169 -20.4053 -6.85022 0.323166 13.5035 -0.914596 -14.879 -6.11439 -25.5414 -12.0347 -5.2146 -0.60985 -4.82269 0.341026
1450 650 64.7076 -30.5937 8.51723 -8.81925 -0.031417 2.2724 36.9786 -19.5943 -6.89052 0.368272 11.8436 -1.68262 -14.3562 -6.19927 -20.7368 -14.1881 -8.32119 2.08162 0.685275 0.203615
550 250 59.5773 -29.9228 4.37629 -7.98046 3.83717 -2.90348 28.0671 -19.2217 -6.84713 1.5347 14.0701 -2.14835 -13.4256 -5.19697 -23.3108 -12.8056 -4.16477 -0.258445 -4.72085 0.331737
1550 750 65.1452 -32.8227 10.0219 -9.3952 1.18357 2.80817 36.9381 -21.5887 -6.61292 -0.454214 10.6227 -2.14466 -16.2447 -7.7785 -16.8944 -13.1262 -12.4755 2.44388 0.313905 0.483928
1450 850 64.7031 -32.9588 8.96852 -8.37357 1.63656 2.85219 36.3521 -21.6934 -5.21902 -0.840509 11.3217 -3.88939 -15.3484 -6.89428 -16.0168 -13.6874 -12.0504 3.24387 -0.601644 1.06585
1550 50 61.2282 -22.0614 5.45332 -8.53751 2.75627 1.79958 39.344 -15.4721 -7.71175 2.97321 14.9488 -1.48624 -12.0612 -2.96136 -19.4249 -13.7866 -3.38812 0.697353 1.01173 4.50602
250 350 55.8183 -27.493 2.64183 -4.58198 6.07751 -8.43917 27.8828 -17.8569 -5.04434 2.40468 13.1519 -4.80064 -13.0605 -5.97929 -20.6335 -15.3046 -2.42468 -1.25929 -4.46408 0.503999
1050 750 63.352 -33.2459 6.0535 -8.05886 0.828597 -2.49502 31.7597 -19.9155 -4.39748 -0.361963 12.5454 -2.31138 -14.3365 -4.44106 -25.7971 -13.4041 -3.87268 0.185837 -3.27478 0.366912
650 150 62.4782 -23.5746 0.957925 -5.47189 2.35003 -4.05439 32.5142 -17.451 -1.79108 2.2208 13.9121 -3.04934 -10.6593 -3.00523 -20.7674 -16.2865 -1.33941 0.820344 -3.39287 1.9469
750 450 59.6117 -31.2108 4.47715 -7.55989 4.58096 -3.14736 28.316 -20.314 -7.06817 2.37836 14.4842 -1.83737 -14.241 -4.69886 -24.1283 -12.9063 -4.3166 -0.0420855 -4.24732 0.062182
250 650 56.8852 -27.9416 1.77918 -4.39008 5.61466 -6.85354 27.4928 -19.1329 -4.92585 1.90862 12.6828 -5.0629 -13.7041 -6.28391 -21.6238 -14.6518 -1.81058 -1.70715 -5.41271 0.122132
1550 850 65.1687 -31.9365 7.86268 -8.17191 1.36821 2.43372 35.8404 -21.7044 -6.18845 0.379599 11.1511 -2.09163 -16.0056 -7.08226 -17.8898 -13.7569 -11.1068 1.90388 0.0774648 0.547891
550 850 60.631 -31.5977 3.44498 -5.63345 4.69097 -4.60244 27.4634 -20.8861 -4.83267 1.08662 12.0054 -3.96495 -13.8573 -6.08622 -23.7917 -12.9156 -2.26821 -1.10584 -7.27121 0.769511
1450 450 64.2058 -25.4561 9.03097 -9.21903 0.512595 1.68318 40.5584 -17.5146 -6.71729 0.629047 12.031 -1.28451 -12.2133 -3.93532 -19.7585 -14.6708 -5.98065 2.47246 1.08801 1.49749
550 50 56.7027 -28.0616 4.05263 -7.58464 5.32147 -3.69649 27.6941 -18.7469 -8.41905 3.6028 14.663 -2.3598 -14.3091 -5.67658 -21.9761 -13.5135 -4.09415 0.168114 -4.19932 0.0973752
450 350 56.7223 -27.5896 2.89055 -5.26315 5.68556 -5.38066 27.4536 -18.4439 -6.09791 1.56746 13.0199 -3.70589 -13.3076 -6.20489 -21.8964 -14.2266 -2.20535 -1.07376 -5.3343 0.411734
50 550 56.3411 -28.5217 2.72309 -3.69311 6.15816 -8.15627 27.3502 -18.7401 -5.16017 1.96819 12.2803 -4.52936 -13.9015 -6.93196 -21.2996 -14.4455 -2.01147 -2.30809 -4.40553 0.0793892
150 450 55.6803 -29.3655 3.40036 -4.86115 6.62704 -6.45721 26.4923 -18.9161 -7.36532 1.93478 12.8002 -4.01866 -13.8483 -6.51321 -21.3004 -13.5259 -2.79651 -1.24879 -5.62554 -0.0973972
1150 150 59.9757 -26.8156 7.64011 -8.89295 0.751729 0.575233 35.2613 -16.7542 -7.78557 2.74734 14.0393 -0.215648 -13.643 -3.41667 -22.8974 -12.7791 -4.34315 1.13168 -0.995674 2.3975
750 350 58.9849 -32.3713 6.09549 -8.5593 3.37826 -3.01215 28.3406 -20.8057 -5.70736 1.13664 13.9185 -2.30734 -13.536 -5.70845 -24.0703 -11.9985 -4.58942 -0.613142 -4.25827 0.349662
1250 50 56.2042 -28.5427 -6.19977 -13.629 4.75677 18.8634 39.7403 -29.7261 0.41224 8.76843 -5.88812 -13.5011 -8.94954 -7.83057 10.9471 -13.1086 -22.5866 12.112 -5.52538 10.8282
750 150 59.9314 -27.4496 5.11288 -10.3299 4.77024 16.767 38.6056 -22.9901 -6.3107 9.62633 -1.27875 -8.67887 -8.5166 -5.21833 0.208298 -15.3423 -21.7189 13.4108 -8.64032 8.02971
350 650 58.4115 -36.0907 7.70099 -6.88967 3.9911 11.2255 36.3206 -21.4787 -6.67895 10.1379 0.17505 -8.24441 -11.0532 -1.34826 -5.0482 -18.7075 -19.2279 11.7848 -8.80388 5.6051
1050 550 56.3865 -42.7475 25.2378 -11.2882 7.5435 5.95002 42.9434 -22.1585 0.279423 9.00133 -1.81036 -3.68748 -14.1667 -9.5527 -3.5213 -6.90722 -20.3792 2.68674 -9.37319 -8.52612
750 50 61.2624 -23.3919 0.719175 -9.0158 1.27309 17.7105 39.1155 -22.521 -8.01141 9.49232 -1.78871 -9.02987 -10.9668 -3.47936 -2.35651 -12.4128 -17.8854 11.2258 -6.09217 9.92441
350 450 60.16 -32.6019 4.99435 -9.03289 2.8232 13.6584 35.4944 -22.1577 -6.43541 11.8883 -0.0714259 -9.67053 -9.9264 -5.03468 -3.32158 -14.7451 -20.9713 14.1009 -9.13641 9.61201
950 450 56.3104 -32.5196 10.3081 -11.9999 8.82803 13.8608 41.7753 -20.079 -4.73249 8.42422 -2.31796 -8.62871 -9.29268 -2.36375 -0.566409 -16.9107 -25.8717 13.9442 -8.33329 4.09043
1550 250 61.1574 -25.069 9.9567 -9.67239 2.25135 3.01611 38.6633 -15.4477 -9.96173 3.39638 14.4289 0.75349 -13.4111 -2.83673 -20.5005 -11.9337 -4.80864 3.05566 1.56579 2.56842
1250 650 63.3517 -32.3661 7.78204 -8.67195 -0.0402027 -2.89758 35.6949 -19.1155 -3.55353 -0.60191 12.0989 -2.92621 -12.8727 -4.35055 -23.665 -15.2024 -4.63273 1.05257 -0.972224 1.25947
1250 750 58.3012 -36.7337 5.01482 -10.2783 7.4261 0.824729 27.9109 -15.4248 -7.38474 4.30268 5.42042 -0.833372 -11.3632 -9.49122 -28.301 -6.03165 -5.44872 0.654337 -9.09211 6.28199
650 850 60.6888 -29.8143 -1.14 -5.90272 4.79858 -5.36904 27.4341 -19.1587 -2.52786 2.34901 4.66329 -1.17632 -14.7959 -10.8366 -26.9559 -12.0655 1.10688 -1.79218 -9.09719 7.26233
150 850 57.7525 -33.0497 3.93726 -5.01827 5.72954 -6.86977 27.2998 -21.3032 -4.68258 1.48905 12.067 -4.34679 -14.2736 -6.95638 -22.131 -14.1817 -2.12025 -1.36876 -6.97295 -0.583898
850 850 58.3652 -34.4775 1.5779 -8.65883 10.6456 -3.38773 25.7511 -16.1806 -8.03233 5.36185 3.09154 -2.50679 -11.2789 -9.77643 -26.3615 -4.8131 -2.90255 -0.640573 -11.1942 5.43902
1150 750 55.6694 -38.952 9.04698 -11.1181 15.9532 -4.7384 27.3395 -15.8699 -8.15446 6.7677 3.38484 -0.38674 -13.7753 -3.49051 -25.7261 -6.91364 -2.04563 2.64318 -12.738 4.32489
850 650 43.6311 -37.4699 4.82885 2.93809 17.5558 -17.5225 23.0219 -12.398 -11.125 -3.79597 2.62097 5.32473 3.19459 -7.1025 -20.0757 -5.23875 -5.01204 12.6592 -5.70189 2.75306
350 250 52.8689 -24.9595 -5.16984 -0.132117 18.9242 -16.8392 24.8657 -12.7076 -8.49211 -2.53352 0.386979 -4.32088 -3.89619 -2.84665 -18.4512 -14.4824 -0.340231 -3.53084 -7.45991 -0.644876
450 650 53.6359 -28.236 -0.615701 -2.96403 20.5636 -16.2202 23.5382 -14.6117 -8.89218 0.730691 1.12308 -7.07554 -5.94233 -2.5464 -17.173 -12.0345 -5.14033 -2.72999 -5.38285 -3.12944
650 50 52.494 -28.1129 -0.539772 -3.80878 20.4503 -15.7987 23.2117 -14.5785 -8.38459 -0.192035 0.752457 -5.80278 -5.64531 -3.03874 -16.4433 -11.8954 -3.58824 -2.23366 -7.07402 -2.9953
650 450 53.2517 -29.6851 -0.333926 -3.67069 21.2252 -16.4158 22.5378 -15.7485 -8.30243 0.783892 1.48947 -6.24751 -5.39724 -2.73815 -17.0421 -10.7637 -3.89893 -3.16302 -6.17336 -3.05517
1450 550 48.0929 -37.5007 4.50253 -0.189603 17.3568 -16.031 22.8834 -14.7633 -9.39931 -1.82351 3.40541 5.86516 4.58372 -8.42574 -21.28 -7.69086 -5.08868 11.0712 -5.23477 2.14726
750 250 55.1926 -26.5622 -4.21826 -2.46459 18.793 -15.9001 23.4729 -15.2328 -6.97421 0.0376611 0.324232 -5.07004 -5.10494 -3.05215 -18.3395 -14.3549 -0.0207721 -3.05862 -7.39637 -0.614247
1050 450 57.3181 -30.3158 -1.59525 -4.92414 20.3548 -13.2417 22.9242 -18.064 -6.31642 1.46152 0.707673 -6.18678 -6.06689 -2.80603 -19.5579 -10.819 -4.00682 -2.52073 -5.94637 -4.05756
1050 250 55.5982 -31.8065 1.12954 -6.30576 20.4163 -13.501 21.7032 -17.964 -5.40057 1.19938 1.43794 -5.1314 -6.04381 -2.80914 -18.6039 -10.3302 -4.1392 -1.93899 -7.6446 -4.32064
950 350 54.8424 -29.8858 0.240159 -5.06588 19.6767 -13.7514 22.6138 -17.5241 -6.25056 2.56737 0.183754 -7.41098 -6.38408 -2.79601 -18.1146 -10.5484 -4.06315 -1.78347 -5.7207 -3.54881
50 250 53.5073 -28.2617 -0.882014 -4.56166 3.06635 -11.2232 25.8019 -12.6776 -2.72487 3.89532 3.19357 -4.08417 -11.8174 -13.279 -18.8861 -13.4047 0.546297 3.0319 -7.09828 6.00103
150 50 57.2909 -29.0891 3.91088 -5.27303 4.86914 -6.49651 27.3529 -19.5261 -4.87203 3.21613 12.8831 -4.36717 -13.4613 -5.93502 -21.4464 -14.1954 -3.52269 -0.83121 -4.67867 0.632334
1150 250 63.6089 -25.2097 6.97843 -8.71843 -0.774787 -0.192226 38.9004 -16.2385 -4.89128 1.03589 13.0006 -0.921619 -11.6746 -1.90757 -23.5377 -13.5821 -3.02909 1.51268 -0.472443 2.24811
350 150 56.4453 -30.6225 5.31715 -7.45658 5.44171 -5.11432 26.683 -20.4805 -5.96422 2.70746 13.73 -3.69174 -14.0245 -5.96474 -22.0736 -12.8424 -3.56239 -0.502322 -4.05862 -0.0789586
450 450 58.6637 -31.4067 3.63395 -5.61922 4.78628 -5.55578 26.3056 -20.3793 -4.74532 2.09993 12.6628 -4.36165 -14.1255 -6.37293 -23.7032 -13.732 -2.2682 -1.10814 -5.71827 -0.33533
1050 850 63.6455 -36.3583 7.28293 -6.78163 0.555575 -2.85106 32.2057 -19.5711 -2.86921 -0.341978 12.2941 -4.24133 -14.4478 -4.99072 -26.478 -12.8784 -4.0772 0.752015 -4.36194 0.546704
1350 350 57.0594 -34.7661 8.11245 -12.1337 5.00796 2.83375 30.933 -15.921 -8.44944 3.87851 8.22099 2.26684 -13.2712 -8.46288 -26.9944 -6.41312 -6.97064 -0.771203 -5.65998 7.16712
1550 350 62.4923 -25.6598 10.0839 -9.4972 0.991223 3.79313 39.5681 -18.3228 -7.76839 2.58784 12.5358 -1.37905 -12.9982 -5.19495 -17.7435 -14.7557 -7.99945 2.73618 1.59398 2.33705
550 350 58.8523 -31.1258 3.55935 -7.29699 4.37111 -4.04852 27.8859 -20.4194 -5.25171 2.40956 13.9869 -2.60444 -13.9496 -6.01864 -23.9383 -13.7268 -3.67182 -0.505532 -5.37475 0.321407
750 550 61.1033 -32.6569 3.79469 -7.05252 2.48402 -3.12479 28.3263 -20.7282 -4.54197 1.10263 13.4047 -3.23873 -14.2809 -4.90866 -25.5709 -13.1012 -2.99148 -0.143803 -4.91775 -0.667175
1250 350 61.0315 -29.9196 9.04695 -10.1078 -0.0216772 -0.339352 34.9542 -17.9605 -6.67513 1.34073 13.1661 -0.346592 -13.1918 -3.74978 -24.3009 -12.5714 -4.64019 1.19894 -1.10374 1.73533
1350 750 63.8749 -32.0445 7.00719 -8.05142 0.329611 -0.140026 34.1839 -19.9084 -4.24711 -0.224368 12.3594 -2.40958 -13.9065 -4.32273 -23.8246 -14.7768 -6.35127 1.84272 -2.09566 0.963425
450 750 61.3341 -31.5455 2.61878 -4.41489 2.67154 -5.13908 28.1261 -21.1893 -1.87045 1.88101 12.4677 -4.78948 -13.8256 -5.89741 -24.429 -14.4463 -1.3075 -1.38459 -6.42496 0.62668
150 650 55.2288 -31.8028 4.95772 -4.98747 6.21856 -6.55484 25.5118 -20.2183 -5.16113 2.48606 12.727 -5.05196 -13.2677 -6.79321 -21.0478 -13.7978 -2.94582 -0.921848 -7.06581 0.574526
550 550 52.6154 -35.7666 4.32391 -7.9459 10.9854 -4.26275 23.5261 -17.489 -7.47072 6.60703 5.27102 -2.05373 -12.809 -10.8858 -23.9779 -6.21691 -3.08347 -1.0791 -9.43454 4.34306
1350 150 50.2108 -37.009 13.0112 -13.268 15.0277 -0.895119 28.9618 -15.9266 -10.5597 8.98171 5.56266 0.349691 -10.8411 -2.46155 -22.6836 -6.73064 -0.717859 4.48679 -9.85603 4.31822
50 750 55.2591 -29.5472 2.77511 -4.06099 6.37165 -7.25534 26.2512 -18.6416 -5.8262 1.9748 11.6038 -4.73433 -13.3583 -7.28491 -21.151 -13.4986 -1.86976 -1.79218 -6.3012 0.181664
1450 250 62.2078 -25.9158 8.49027 -8.52152 -0.753597 2.92871 38.6531 -16.3928 -7.24713 2.7815 13.4169 0.340721 -13.7701 -2.52875 -23.6969 -12.1972 -3.87821 0.953135 0.010789 1.32792
1150 850 58.411 -35.3324 2.13915 -8.70499 8.78682 -1.2625 24.7373 -16.7433 -6.64507 6.64157 4.88401 -1.10064 -12.6698 -9.25862 -27.5441 -5.58937 -4.28398 -0.184332 -10.2698 5.42562
450 150 47.0881 -34.1716 8.72962 -8.79007 17.2804 -6.34611 26.1273 -15.2116 -10.7789 8.31926 3.89713 -4.05746 -12.379 -5.37962 -20.4126 -4.59262 0.187751 1.32771 -9.56132 4.8197
1350 250 59.8077 -30.9703 11.1438 -11.0175 0.148042 2.15157 35.1468 -17.8416 -7.51433 2.56194 13.5075 -0.764781 -13.6534 -4.10269 -23.1914 -11.4066 -5.84226 0.956403 0.27118 2.02893
150 750 56.7869 -29.8385 2.2884 -2.91195 5.11948 -7.19671 26.6859 -18.8333 -5.15266 2.9982 11.6479 -5.00092 -14.5334 -6.35075 -22.0629 -12.7116 -1.39869 -1.93374 -6.38798 -0.0916792
1050 150 60.8061 -28.3116 7.01975 -9.58624 0.603277 -0.310694 33.6103 -18.1074 -5.86275 2.70379 14.0228 -1.34297 -13.7537 -3.80231 -24.5867 -13.1999 -3.92646 0.855623 -1.86287 1.75262
1250 550 63.4914 -33.8017 10.029 -9.28852 -1.66279 -2.82928 36.0213 -20.0231 -1.67582 0.00136688 11.5989 -3.65376 -12.3745 -4.02955 -25.3589 -14.2425 -4.78083 0.673386 -0.341823 0.531586
350 550 57.5867 -32.2962 3.92175 -5.46772 6.16201 -5.20833 25.0235 -20.6675 -6.61231 2.81279 12.5632 -4.58087 -14.9999 -6.02716 -22.7191 -12.2323 -3.18129 -0.938259 -6.83323 -0.392588
650 750 62.3784 -34.8352 3.91689 -5.77813 2.19961 -3.39944 27.9522 -21.3341 -1.97332 1.84918 11.9811 -4.80879 -14.415 -5.87115 -26.2934 -12.7613 -1.86109 -1.21687 -6.03749 0.165976
50 350 54.9453 -29.9492 4.45184 -4.5179 6.38844 -6.66055 26.1798 -18.8132 -6.21469 2.83717 12.8214 -4.61337 -13.7833 -6.37742 -20.8288 -13.0438 -2.39194 -1.30773 -5.90405 0.472055
650 50 57.4625 -30.1904 4.80562 -7.46239 4.06313 -3.03668 27.7809 -18.9312 -6.21207 3.71506 14.0736 -2.36828 -13.7981 -5.28283 -23.35 -12.6239 -4.44832 0.11958 -4.32304 -0.0694319
1050 750 56.3126 -36.9671 3.69738 -9.88653 9.21921 -2.42042 24.1862 -16.8734 -5.77317 6.43343 4.0681 -1.58349 -12.4209 -9.77552 -27.3937 -6.45385 -3.42603 -0.0877309 -10.3402 4.31762
1150 850 56.8936 -34.7998 1.74708 -4.96288 17.141 -11.7688 23.6759 -19.7415 -2.22138 5.15759 1.68923 -7.55724 -6.77274 -1.66056 -20.6681 -10.9201 -6.1614 -1.26316 -5.02122 -5.20679
1550 350 54.824 -28.3644 1.34338 -7.33364 19.7544 -11.7888 23.4451 -17.597 -9.05139 1.87145 1.76367 -4.08899 -5.65757 -2.36546 -17.0605 -11.9399 -4.90828 -0.675828 -7.05675 -5.28286
150 350 46.8272 -25.6997 -1.04785 -0.456606 19.9773 -16.6363 23.9876 -7.32911 -11.6185 -6.40618 -1.35587 -3.48137 -1.91059 -2.7886 -13.5132 -14.3444 -0.856634 -3.62941 -9.91312 -1.19034
1250 550 56.3437 -27.3613 -2.68851 -5.36684 19.2721 -14.9095 23.9031 -17.4319 -7.63691 1.9798 0.461012 -5.45269 -5.89222 -2.52901 -18.4881 -12.8768 -3.75869 -1.56686 -5.8922 -2.57802
450 350 49.924 -27.5784 2.2001 -4.23369 19.5787 -15.3276 22.1143 -12.9915 -9.76217 2.61653 -0.540912 -7.24502 -6.03274 -3.25735 -15.6421 -10.0873 -4.6145 0.628277 -5.67459 -1.85113
950 50 52.7541 -28.4566 2.00581 -6.28428 19.8853 -13.3762 21.4746 -15.9885 -8.71238 2.99286 0.151619 -4.91502 -6.18749 -2.48396 -16.2831 -10.9719 -4.649 1.33361 -6.24449 -2.95616
1050 550 55.4015 -27.9205 -2.30579 -3.84716 19.2126 -14.1388 22.2253 -16.9048 -7.19993 3.07478 -0.502055 -5.53714 -5.93972 -2.07033 -18.4461 -12.3654 -3.25204 -1.10175 -5.23028 -1.49944
50 550 48.6682 -25.1786 -0.773873 -1.15408 18.7589 -17.6383 23.5632 -9.27988 -11.2166 -2.95473 -0.908958 -6.14085 -3.42727 -0.925439 -14.0338 -13.3781 -2.96096 -2.40837 -8.79056 -1.31057
1150 650 57.2841 -28.8418 -3.03186 -4.1929 18.0707 -14.6478 22.4936 -17.9238 -5.82388 2.49116 -0.401939 -5.54911 -5.85301 -1.59702 -18.9515 -12.9238 -2.96315 -1.75726 -6.02911 -1.04811
1350 150 54.9483 -26.2673 -1.06251 -5.99475 18.094 -11.5474 24.3094 -16.1225 -9.70427 1.5775 0.826835 -3.60175 -5.13258 -0.65753 -17.1846 -14.085 -2.60695 0.436003 -8.37814 -1.60849
250 350 48.2026 -26.4717 -0.114406 -1.8742 19.989 -16.846 23.3784 -9.32446 -11.7624 -2.66595 -0.0190844 -5.0308 -3.33341 -1.42108 -14.0775 -12.6976 -3.29646 -2.71933 -8.5202 -2.37826
1350 250 54.6064 -27.3634 -0.384724 -6.4797 18.9204 -12.05 23.7073 -17.0316 -8.84403 2.60035 1.33335 -4.30492 -5.08321 -2.00346 -17.3585 -12.7559 -4.04932 0.0602388 -7.35553 -2.51299
450 850 50.9562 -31.0819 4.3343 -5.6356 19.6278 -13.8951 23.2304 -15.6326 -11.2182 5.065 -0.719755 -6.38693 -7.33419 -4.50444 -15.6933 -9.24156 -4.13747 5.54241 -2.13015 -1.42373
950 350 53.6943 -30.815 0.58667 -4.476 20.5064 -16.0916 21.1546 -17.2101 -5.95584 2.00578 0.239657 -5.36364 -5.05262 -2.83061 -16.8016 -11.6766 -3.17463 -1.78351 -7.03736 -3.05039
1350 650 59.6148 -29.1445 -0.252756 -6.91271 17.8159 -9.36586 25.0307 -19.4768 -6.12459 2.32518 -0.957558 -4.97878 -6.62347 -2.24379 -20.3433 -9.67095 -4.9426 0.425786 -4.15981 -2.05988
650 750 54.2039 -29.471 -0.127259 -4.34785 20.0368 -15.4557 22.3585 -16.6856 -7.65784 3.28917 0.763311 -6.52925 -6.32605 -2.28428 -17.061 -12.0331 -4.09147 -1.67556 -5.38074 -2.19525
750 150 54.2854 -27.9931 -0.534139 -4.94327 19.2591 -14.8398 22.4649 -16.7088 -7.63753 1.85578 0.174017 -6.45391 -6.11613 -2.44311 -17.9102 -12.0483 -3.16749 -2.08608 -6.14958 -2.76829
450 450 53.0522 -25.1791 -1.98308 -2.71225 18.5276 -16.3852 23.42 -13.3166 -9.52751 0.245124 -0.0258861 -6.45685 -5.41738 -1.78145 -16.7179 -12.7746 -2.96513 -2.34117 -6.09815 -1.27254
350 50 50.7585 -25.919 -0.235351 -2.17046 19.3974 -16.9499 23.2063 -11.9798 -10.6516 -1.22515 0.508478 -5.91301 -4.26264 -1.59798 -15.2903 -13.2495 -3.38247 -2.44199 -7.73858 -2.85366
150 550 48.8472 -27.3809 0.806411 -2.49699 20.6667 -17.6526 23.1512 -9.78433 -11.3555 -3.35597 1.2182 -4.88628 -3.97703 -2.69747 -14.0768 -11.3154 -4.16019 -3.3869 -8.40265 -3.18098
450 750 55.0761 -28.0354 -1.49689 -5.55561 3.12278 -11.0282 25.9228 -14.0018 -3.30322 5.15166 2.80342 -4.20847 -11.0421 -12.3916 -19.5259 -13.4971 0.825455 3.71115 -6.54721 6.38111
950 850 58.5505 -33.9785 -0.138018 -9.25832 3.29149 -5.68746 24.5399 -17.1309 -1.34193 5.82057 2.87152 -2.53916 -10.3972 -11.3433 -24.3152 -10.9929 -1.64095 2.63325 -7.65417 5.697
1250 850 56.7628 -33.8377 1.09118 -5.01319 11.964 -12.9662 24.6107 -18.5404 -0.53927 5.29071 4.78983 -5.81875 -4.5827 0.010006 -19.3758 -13.7689 -5.02572 -0.755737 -5.9994 -3.68675
1050 250 58.0671 -27.7876 -2.73413 -5.8998 18.3069 -11.9647 22.9261 -18.8048 -5.09092 1.17437 0.405257 -4.29387 -5.5528 -1.62526 -19.9136 -13.0496 -2.57904 -1.4752 -7.16966 -1.25232
850 850 56.5728 -30.4592 -0.223153 -5.61763 19.9676 -14.4908 22.3245 -18.5028 -6.27095 3.04227 0.124653 -6.92357 -6.92361 -3.24057 -18.2972 -10.3973 -3.98584 -0.987394 -4.51973 -2.46813
150 150 49.0427 -27.0939 1.20942 -2.7476 20.2625 -17.0273 22.7597 -10.4407 -10.52 -0.233287 1.35541 -5.7811 -4.78374 -2.38145 -13.7978 -11.3552 -4.29496 -2.93938 -8.20587 -2.26733
1350 350 58.5364 -27.7888 -1.69932 -7.07264 18.9527 -11.0176 24.2776 -18.8901 -7.85188 2.41474 0.47528 -4.09389 -5.63512 -1.19396 -19.3781 -12.5562 -4.36766 -0.718766 -5.95249 -2.58008
50 150 38.2993 -37.1577 8.96928 4.24393 18.7399 -16.3719 21.6462 -8.94789 -11.3674 -6.35855 0.802617 5.14096 6.17939 -5.04465 -17.3683 -7.08559 -3.45042 13.2412 -9.20524 -0.718797
850 750 58.7768 -31.7373 -1.04531 -8.37863 2.50709 -7.15585 25.7384 -18.2593 -0.382402 4.36915 2.91041 -2.28845 -11.4247 -12.7462 -22.3317 -12.3294 -0.913105 2.59046 -8.06034 6.52962
1150 750 51.583 -34.1473 2.91228 -4.25332 8.85053 -16.6284 26.3976 -15.0513 -3.84749 3.19386 11.4111 -7.49482 -3.41226 -3.45386 -16.6106 -13.5777 -6.66804 -0.0660419 -2.89047 -6.21197
1250 50 54.8105 -27.3657 -0.282165 -5.53411 20.5759 -14.3057 23.3723 -15.4395 -9.80529 0.775346 1.54813 -3.54764 -5.1902 -2.43516 -16.8212 -12.9104 -4.47222 -1.56067 -8.57218 -4.61321
50 350 47.4055 -25.3659 0.489651 -1.83902 20.2042 -17.064 24.1078 -8.55553 -12.1826 -5.23789 -0.664068 -5.08343 -3.09673 -1.80547 -13.0297 -13.0883 -2.83474 -3.22562 -8.75503 -2.22851
950 250 53.8173 -28.9068 -0.0497246 -4.40992 20.5158 -16.0689 22.8076 -16.5567 -8.06764 1.43978 1.42265 -5.46797 -5.59916 -3.33707 -17.3398 -11.5946 -3.98941 -2.5547 -6.47874 -3.79992
1350 750 59.879 -30.8327 -1.53593 -6.06426 18.1348 -10.8669 23.4813 -19.9241 -4.35417 2.21934 -0.718947 -5.25373 -6.35394 -1.9963 -19.8554 -11.3047 -3.91248 -2.0888 -5.67754 -1.33912
1250 450 46.8294 -36.6474 3.90189 0.595909 17.1144 -16.7759 23.6428 -14.4847 -9.74194 -0.91468 3.6428 5.75344 4.46522 -9.49113 -21.4075 -7.5271 -5.52375 10.7277 -5.26464 2.91351
1350 450 60.1725 -24.9464 -9.47535 -3.13235 17.1367 -12.7019 25.905 -19.3029 -4.53873 0.658221 0.656514 1.15853 -3.97944 -2.65265 -21.6478 -15.9019 0.882855 -2.63537 -7.24252 1.32269
450 250 51.9504 -27.1995 0.0514212 -3.94583 19.9612 -16.4714 22.3557 -13.9269 -9.26457 1.17652 0.48572 -6.50906 -5.66528 -2.30196 -15.6252 -11.571 -3.88873 -1.97088 -6.23029 -2.72068
250 750 50.8936 -27.3024 1.2393 -3.14126 20.5974 -16.6724 23.2054 -12.6699 -10.3206 0.851269 1.20897 -6.61728 -5.8807 -2.2661 -14.9682 -11.3225 -5.25092 -2.64352 -5.60813 -2.97491
350 150 50.7242 -27.9956 0.829539 -3.86903 20.801 -16.9585 23.1749 -12.7476 -10.9577 0.313418 1.30861 -6.39663 -5.44304 -2.2125 -15.5339 -10.8279 -5.1468 -2.66873 -6.12607 -3.53481
750 50 53.7402 -26.9578 -0.435529 -4.90548 19.8827 -15.4916 21.5637 -15.349 -8.58532 1.81887 0.54022 -5.17227 -5.70575 -2.61864 -16.7446 -12.4346 -3.10373 -1.04488 -6.91344 -2.7809
1350 850 48.4721 -38.1692 3.36933 0.325193 16.811 -15.8999 23.8553 -15.8446 -8.8911 -2.32981 3.94516 5.85493 3.3846 -8.0476 -21.2943 -5.82522 -5.35775 11.364 -4.55794 3.49449
850 550 57.7997 -28.1268 -5.61423 -2.45173 18.9257 -15.9578 21.8 -18.9457 -4.65482 0.915156 0.191783 -3.08764 -4.53197 -3.53386 -19.9824 -15.1737 -0.595234 -2.6613 -6.8211 0.259265
650 450 55.7827 -29.0097 -1.15804 -5.01057 19.5797 -15.3781 22.0843 -18.0429 -7.28 3.13991 -0.153362 -6.2053 -6.11965 -2.95407 -18.2377 -11.4083 -3.9622 -1.57451 -5.54603 -1.78019
950 750 59.3966 -31.5777 -0.197463 -5.31083 18.8713 -12.1508 24.0052 -19.7326 -5.78372 4.32153 -1.69821 -7.37117 -7.70331 -3.30917 -19.9922 -10.0333 -5.21654 0.610036 -3.12367 -2.95365
350 250 51.5379 -29.6048 1.98628 -4.75587 20.8712 -16.7607 21.1053 -15.1393 -8.68112 2.63321 0.775101 -5.79163 -5.62912 -2.60487 -15.4155 -10.002 -4.93038 -1.54149 -6.26785 -2.79821
1250 150 57.0516 -27.6693 -1.40357 -6.84089 18.6534 -12.5479 24.0289 -17.8501 -7.25431 1.439 1.30165 -2.5204 -4.82887 -1.22353 -18.4334 -13.1816 -4.39647 -0.718243 -7.88466 -2.7825
750 850 60.0534 -29.7516 -4.46522 -7.61066 2.03645 -7.31317 25.5886 -17.6653 -1.57905 7.41331 2.35234 -3.37323 -8.8904 -10.0531 -23.8628 -13.1698 1.50468 2.83112 -5.80675 6.03458
50 250 55.2951 -29.757 4.88969 -7.13872 5.54237 -6.89197 26.5563 -19.7265 -5.1611 2.80185 13.1223 -4.91703 -13.4629 -7.39291 -19.0225 -15.7042 -4.58979 -1.60785 -5.3886 0.864518
850 250 61.3977 -29.936 4.90117 -10.1225 1.88264 -0.985109 31.645 -19.5924 -5.82491 1.54878 15.0383 -1.88518 -14.0975 -4.42315 -24.2891 -13.6561 -4.55912 0.104142 -2.42502 1.61666
350 750 60.4153 -30.7403 3.18234 -7.40094 3.95099 -5.81105 27.9111 -21.8515 -0.847871 2.05135 12.5977 -5.23342 -12.9814 -6.8131 -22.4391 -15.6364 -2.86743 -1.78923 -5.94111 1.01964
650 550 59.2638 -31.3669 3.00933 -8.23661 5.58574 -2.21429 25.9686 -20.2813 -6.38842 2.28228 14.08 -3.27428 -15.0619 -6.05854 -23.7621 -12.1502 -4.18563 -0.698189 -5.54571 0.456344
650 150 59.1228 -29.2927 4.42762 -9.24534 3.72416 -3.16274 29.444 -19.5109 -5.34516 2.73109 15.1299 -2.36141 -13.8307 -5.26 -22.9132 -14.2745 -4.55152 0.497524 -3.11536 1.21075
1150 350 63.9809 -27.8592 6.56261 -10.5641 -1.0858 -0.739784 38.1522 -17.5268 -4.2467 0.719335 13.7002 -2.08692 -12.2066 -3.01333 -23.8917 -14.1373 -3.80458 0.812573 -0.0674658 2.22389
1550 150 64.4478 -20.1558 6.0167 -9.40875 1.23717 4.69998 43.1437 -15.7435 -8.36172 2.64484 15.1727 -1.24039 -12.4081 -2.2433 -19.9747 -12.9618 -4.97872 1.50728 2.35314 4.00889
750 550 64.3263 -30.652 3.02806 -8.16761 1.23891 -3.63818 31.5599 -20.9141 0.0365853 0.930302 13.0676 -4.1573 -13.0172 -4.74397 -24.4176 -15.2624 -3.24078 -1.10699 -3.70941 1.71839
1450 50 62.563 -19.3154 5.11738 -8.30486 1.14398 4.37614 41.5202 -14.0137 -8.88732 4.06558 16.2907 -1.08935 -12.2399 -1.56383 -19.3166 -12.7696 -3.48871 1.42204 1.66701 4.5064
1550 450 64.2715 -26.5441 8.9402 -10.8563 -0.080621 4.06952 39.2517 -19.048 -7.80429 2.09202 12.7825 -0.691266 -13.9739 -5.74634 -20.5647 -13.8283 -9.05358 1.48529 1.76825 1.41946
450 650 59.8343 -31.1213 2.23867 -6.24881 5.00714 -4.57381 27.2878 -20.5888 -4.06398 2.22212 12.8113 -4.58819 -13.6365 -6.72864 -23.7041 -14.0743 -2.68249 -2.0915 -6.83051 0.320459
250 850 58.7492 -30.4364 2.4678 -5.98509 5.5466 -6.51381 27.4618 -20.417 -4.34831 2.30132 12.8895 -4.6649 -13.8436 -7.19221 -22.2601 -15.0431 -2.06634 -2.35792 -6.59068 1.11423
1450 550 66.009 -26.3059 9.21444 -9.90645 -1.33092 2.94013 41.5527 -19.7116 -4.85914 0.777172 11.196 -2.36728 -13.4833 -5.38721 -19.6408 -15.0186 -9.41359 2.23909 1.72538 1.16654
850 650 62.2204 -33.6719 4.54348 -9.01876 3.17217 -1.77009 28.3512 -20.7138 -4.83024 1.36009 13.3405 -2.68681 -15.1868 -5.2492 -26.6914 -11.571 -5.119 -0.859141 -5.07597 0.30162
550 850 62.0653 -30.2318 2.06666 -7.45262 4.52269 -4.64595 28.9269 -20.829 -2.50265 1.97401 12.9606 -4.64569 -13.4519 -5.82055 -23.857 -14.6836 -2.12065 -1.85852 -6.27788 1.49989
1250 650 59.8155 -34.3768 3.40794 -12.1942 11.1024 -1.08614 28.1096 -15.1825 -10.1872 4.97034 4.69085 -2.40371 -10.6336 -8.4945 -27.8654 -4.46346 -4.49129 0.273563 -9.52505 6.19955
250 650 48.1824 -28.5318 2.37339 -1.91827 19.6334 -19.9925 23.4454 -10.726 -8.43645 -0.4667 2.5767 -3.79473 -3.75436 -3.01706 -13.9934 -12.6358 -2.10538 -1.81742 -9.6127 -1.47979
1550 650 51.1852 -35.4668 2.44506 -1.67131 15.7082 -15.5039 25.3034 -16.2795 -8.57482 -1.55689 5.04509 4.98903 4.65013 -8.80199 -22.0362 -7.93601 -5.39254 10.6981 -4.49497 2.96409
50 750 49.7956 -24.7126 -2.37675 0.0339121 20.6252 -18.9046 24.3837 -8.61259 -11.0257 -4.44235 0.239586 -3.62073 -3.44654 -3.47549 -15.1994 -14.3046 -2.18985 -3.81938 -7.95686 -1.08591
1250 250 45.5709 -34.645 5.30534 1.34973 16.7623 -17.045 22.4911 -12.4161 -10.7715 -3.00778 4.28946 4.9858 4.00034 -7.90001 -22.0908 -7.11368 -5.26248 12.1101 -4.69663 1.36766
1050 50 54.8888 -24.4064 -4.42231 -2.5719 19.3068 -16.1607 23.6415 -15.3455 -8.44176 0.229419 1.29318 -2.05529 -5.30115 -2.54354 -17.5495 -16.2771 -0.0747053 -1.72049 -8.55488 -1.60677
750 750 54.237 -28.3596 -0.378581 -4.36063 20.3501 -17.3759 21.936 -15.9238 -8.47845 2.43633 1.39435 -6.58043 -5.56043 -2.82954 -16.9898 -12.2862 -4.32261 -2.95473 -5.67706 -2.20932
250 150 49.3112 -27.2163 0.948853 -3.43623 21.7214 -18.43 23.3814 -10.4683 -12.4744 -1.10106 2.03363 -4.82281 -3.94218 -3.28898 -14.0694 -11.4601 -5.10222 -3.55028 -7.97349 -3.53647
150 250 52.0839 -28.7278 0.812234 -6.06281 4.67536 -12.6062 24.6531 -12.0525 -5.19617 4.95482 3.35618 -3.83234 -10.0238 -12.7005 -16.1495 -12.3714 -0.593417 4.29279 -7.95739 6.00827
550 750 64.0893 -29.9155 1.00482 -7.18326 2.50547 -5.17284 30.1576 -21.0116 0.848949 1.23241 11.8259 -4.96897 -12.4788 -7.42967 -24.3972 -16.0639 -2.08069 -2.71566 -6.20509 1.32584
550 550 54.5899 -33.7353 2.24286 -9.38167 11.9229 -4.53514 24.0883 -16.7475 -8.09364 6.69346 4.82038 -2.79242 -12.1646 -11.0507 -23.8635 -6.35497 -2.38267 -0.94763 -9.03982 5.51316
250 50 54.8911 -28.6857 4.03892 -8.05598 6.76844 -5.21675 26.1038 -19.3219 -8.11029 3.02753 14.1534 -3.25982 -14.9238 -7.18018 -20.2789 -13.2769 -4.95637 -0.383792 -4.32626 0.423688
1150 250 62.4996 -28.3963 5.90099 -11.4408 0.787882 0.327978 34.2462 -18.0424 -8.00261 1.93254 14.7224 -0.377567 -13.7855 -3.81801 -24.7654 -12.8243 -4.36097 0.417666 -1.0583 1.9432
550 450 62.0983 -30.5949 3.3483 -7.92032 2.51997 -5.22605 29.2178 -20.7526 -0.514373 2.18656 12.9325 -4.84325 -13.416 -6.92643 -23.6964 -15.5883 -3.28311 -1.57022 -4.64198 1.06645
750 350 60.94 -33.8095 6.03926 -10.4515 3.55035 -1.96734 28.195 -21.1975 -7.18432 1.43172 14.1276 -2.63279 -14.8695 -5.41612 -24.672 -11.3852 -5.78228 -0.964624 -3.92816 -0.129843
1450 750 64.2585 -34.6114 11.0858 -11.1023 1.27246 4.56635 36.9007 -21.6466 -6.53743 0.483339 11.1864 -1.78267 -15.825 -8.43729 -17.275 -13.3801 -14.5957 2.22387 0.264457 1.82387
550 650 61.8644 -29.1086 -1.92953 -8.26593 4.88401 -4.2024 27.215 -19.1829 -3.15405 3.084 4.98845 -1.46552 -13.8222 -11.4543 -26.8541 -11.9356 1.08349 -2.13352 -8.21914 7.12162
250 250 58.7826 -31.6053 3.83586 -8.03546 5.30583 -4.43827 26.7805 -21.0181 -5.54077 2.39564 13.3151 -3.59422 -14.1306 -7.73552 -22.098 -13.5155 -4.26949 -2.06751 -5.83081 0.251557
550 250 60.904 -30.4088 3.03149 -9.26667 4.31883 -2.47016 27.6015 -20.2937 -5.62079 1.87047 13.9943 -2.69417 -13.5986 -5.62618 -24.1088 -13.192 -4.17613 -0.931877 -4.08633 0.670443
1550 750 61.7936 -35.0475 6.29092 -12.9944 5.05124 3.00092 32.3858 -14.4884 -7.82907 3.18066 6.34392 0.0232586 -11.0295 -8.61668 -28.7828 -6.42852 -7.40604 0.581035 -6.82602 6.79441
1050 850 56.0736 -37.1219 6.97619 -8.39804 19.0664 -9.83359 24.5789 -20.0838 -4.41999 7.69515 -2.02759 -5.34985 -9.74251 -5.48884 -21.0584 -10.1083 -3.4499 5.15635 -3.33546 -3.45948
1450 350 49.8723 -35.8356 4.21538 -1.40567 15.9758 -15.5167 23.632 -15.9804 -8.99494 0.728328 4.18485 7.78204 4.40057 -11.3112 -20.8274 -9.58505 -5.84245 10.0741 -6.58586 3.81412
950 650 57.7477 -27.0363 -4.67106 -3.17322 19.5975 -16.1956 22.3843 -18.2284 -6.61685 1.50724 -0.0207585 -5.09936 -5.40704 -2.84379 -19.5652 -14.1922 -1.93972 -3.12734 -6.2842 -0.235826
1350 550 60.737 -30.208 -1.79538 -7.60704 19.4446 -11.4477 24.3517 -19.6227 -5.08629 1.11989 0.313405 -4.01592 -5.38501 -2.45573 -20.4913 -11.506 -3.4684 -1.74942 -6.82528 -2.29941
50 50 48.2678 -25.0229 1.73689 -2.99403 20.4896 -17.1717 23.4525 -8.80995 -12.5349 -2.38131 -0.0954737 -5.68924 -4.11939 -1.53405 -13.3505 -12.1971 -4.3807 -1.98581 -8.52059 -2.56329
150 50 49.5659 -26.0745 1.52999 -3.86499 20.8672 -17.7858 23.1298 -10.6537 -12.1581 -0.643184 0.905141 -5.72321 -4.92836 -2.68001 -13.7897 -11.8543 -5.17337 -1.91841 -6.54146 -3.60525
1050 150 55.9495 -28.3782 0.0742218 -6.21271 20.6865 -14.4827 22.9047 -18.1807 -7.87102 1.45901 1.27307 -3.76348 -5.52928 -2.6613 -17.6995 -12.39 -4.67622 -1.75065 -6.6739 -3.33083
850 350 59.0882 -29.963 -1.51969 -9.52816 3.47403 -6.35438 25.1889 -16.5662 -2.70729 5.23169 3.31704 -1.78284 -9.63361 -11.1445 -23.3668 -12.4282 -0.341806 3.49999 -6.81728 5.74067
750 250 52.1191 -35.3543 7.36962 -12.6595 15.4523 -6.22902 26.6374 -16.6898 -10.2574 5.69484 2.92094 -3.43842 -10.1851 -8.56337 -21.2607 -5.62522 -1.64965 0.899823 -9.18932 5.86993
550 50 51.531 -27.9125 -0.0317832 -3.07766 20.8326 -19.145 22.7122 -13.5245 -8.87541 0.148861 1.86718 -5.04397 -4.74223 -3.008 -15.5581 -12.2165 -3.01418 -2.94663 -7.99027 -2.1068
650 650 58.9356 -29.4419 -2.94082 -8.00086 3.13286 -7.81037 25.1558 -17.3294 -2.7263 6.02613 2.78712 -2.89883 -9.36357 -11.8082 -23.0128 -13.3519 -0.145751 3.16843 -7.22115 6.37029
1150 50 55.6399 -31.1566 6.39583 -14.9966 13.4449 -1.23865 30.4468 -14.0901 -14.8488 7.02799 6.83747 -1.05343 -10.5378 -5.92929 -22.8574 -5.35046 -3.82959 1.20426 -10.2328 7.00848
750 650 53.9826 -28.9276 0.0209856 -4.35863 20.8377 -17.5923 20.9809 -16.7367 -6.86761 1.78424 0.739628 -6.41471 -5.95085 -2.93926 -17.2044 -11.9273 -3.13511 -2.23347 -6.25887 -1.48807
850 50 56.3626 -27.8201 0.720197 -7.15486 20.6647 -12.7156 22.8769 -17.9629 -8.39206 2.57422 0.445352 -4.69624 -6.07213 -2.4567 -17.7078 -11.242 -5.06627 0.697954 -5.40471 -3.47813
350 650 51.6719 -28.723 1.23644 -4.22934 21.7905 -18.1495 22.1444 -13.4111 -10.2556 1.69021 2.05313 -6.3949 -5.73426 -2.86936 -15.7305 -11.1076 -5.47229 -2.4434 -5.82778 -2.58638
150 750 50.0505 -25.8795 0.695654 -2.9635 21.3939 -18.378 23.3655 -10.3324 -11.0853 -1.82545 1.30658 -5.79357 -4.87394 -2.31102 -14.1488 -12.5108 -4.47909 -2.72909 -7.64217 -2.72577
1150 150 55.9755 -29.7631 0.337054 -6.53104 21.8917 -14.2743 22.3614 -18.1983 -7.93526 1.08579 2.08787 -3.36814 -5.9258 -3.93695 -18.373 -11.6449 -5.06001 -1.78148 -7.06003 -4.20003
1450 850 50.7053 -37.6528 2.85142 -0.37369 17.4621 -16.0521 24.6625 -16.5331 -8.72022 -1.35772 4.02566 5.56766 4.72335 -9.11201 -21.5074 -7.37334 -5.40443 10.5487 -5.73692 3.73932
1550 50 58.7967 -22.2409 -5.94964 -4.41605 15.8043 -10.5834 28.2726 -16.1979 -8.80579 -0.731691 1.02919 2.24529 -3.38863 -1.53568 -18.4338 -17.915 0.54228 -2.21735 -9.91285 0.655879
50 650 55.0614 -31.4039 4.4962 -7.38845 6.54531 -8.80024 25.8007 -19.851 -4.3475 2.86394 11.3597 -4.64654 -13.8032 -10.2726 -19.4367 -15.1942 -3.27012 -3.22374 -6.83911 0.20072
550 150 57.7654 -29.4764 3.93463 -9.28639 5.61071 -4.06647 26.3917 -20.1009 -7.19888 3.2082 14.1692 -2.74728 -14.2464 -6.11729 -22.1036 -13.4959 -4.40525 -1.09783 -4.384 0.440379
850 150 60.2985 -29.1323 4.47529 -11.1073 3.89819 -1.40318 30.1251 -19.5528 -8.1626 2.85915 15.5589 -1.1829 -14.2948 -4.33096 -23.2656 -13.2744 -4.71318 -0.031215 -2.70199 1.51069
1150 550 49.3731 -36.2791 6.46742 -5.49651 9.61269 -16.3831 25.306 -15.4199 -6.57946 2.43864 15.0713 -8.75694 -1.99314 -5.05066 -15.0883 -10.2839 -6.85415 -0.300287 -3.47459 -4.80779
650 250 52.6457 -28.2684 3.23935 -7.50755 5.06294 -10.4187 25.4418 -15.3516 -4.72518 3.26994 8.1675 -3.19943 -12.4388 -14.1103 -17.9111 -15.6385 -3.44501 0.546572 -8.2816 1.91976
1350 50 56.5595 -24.1956 6.67469 -11.2974 2.29326 2.20492 34.6052 -15.8178 -10.2523 6.50513 16.2685 -0.265224 -13.5137 -2.53379 -18.9467 -11.548 -4.44952 2.98235 1.03619 3.70526
850 450 59.998 -28.1215 2.43147 -8.63427 4.41159 -4.0252 28.8833 -19.7018 -5.44101 2.26955 14.4185 -1.90163 -13.6857 -6.16264 -22.9225 -15.0557 -3.76935 -0.0718154 -4.19505 1.16824
150 450 57.2117 -26.5754 1.10415 -5.58626 5.41649 -9.16612 28.1088 -18.3564 -1.32144 3.6752 12.7791 -6.86799 -11.4991 -7.24911 -15.0973 -18.3566 -4.71172 -0.647103 -4.11605 1.8973
350 550 58.9949 -27.8789 1.8074 -5.74033 4.9902 -8.30264 28.712 -20.3671 -0.608352 3.08079 12.851 -6.03914 -11.4964 -7.93014 -15.5353 -18.5529 -4.3947 -0.835525 -5.38855 1.79694
1050 350 61.4653 -29.3335 5.60643 -11.4941 2.81238 -0.574371 31.7647 -19.7542 -8.54363 2.67258 15.3292 -0.233286 -14.8804 -4.60289 -23.8065 -13.7389 -5.63898 0.0680594 -1.81985 1.47809
1450 150 61.8874 -21.9578 4.85736 -9.59437 2.20137 2.68962 39.091 -15.0278 -9.21338 3.57553 15.5519 -0.331159 -12.9871 -3.26262 -19.5523 -13.7892 -4.23358 1.00568 0.891446 3.88367
1550 550 63.4327 -27.189 8.19847 -11.7282 2.13903 4.47088 37.1695 -19.488 -8.71871 2.41708 13.8888 -0.189491 -14.2068 -6.22596 -18.431 -14.1815 -9.08125 2.34037 1.24596 2.23577
750 450 63.4635 -29.9898 3.85901 -9.56741 2.88219 -2.2406 30.8889 -20.1593 -4.19896 1.61597 14.8483 -1.99174 -14.0045 -5.14171 -24.247 -13.9299 -4.34937 -0.82147 -2.23063 1.02255
250 550 59.6967 -29.7632 2.36894 -6.58274 5.04061 -7.00878 27.6866 -20.4668 -3.07793 2.84611 13.2223 -4.82171 -13.6179 -6.83414 -20.7415 -16.3512 -2.96398 -2.39962 -5.5635 1.22351
1050 650 64.6021 -31.2976 8.08415 -11.2926 0.289969 -1.05778 35.3935 -19.2575 -4.76185 -0.600519 12.7266 -2.50864 -13.9803 -3.69807 -24.7168 -13.6751 -5.70905 0.300089 -0.245832 1.27837
1450 250 64.7036 -21.1782 8.69877 -10.779 0.542809 3.66653 43.0524 -15.7052 -9.89783 1.50034 15.0997 0.0975297 -13.4022 -2.91256 -20.1567 -13.3777 -5.83056 1.02981 3.02786 3.03978
50 850 58.6637 -29.0268 1.91311 -6.75951 5.93313 -7.50642 27.7423 -20.2798 -4.14563 2.68076 13.6346 -4.70122 -13.0598 -6.47242 -20.6227 -16.5229 -2.0406 -1.20297 -4.93643 1.98626
650 350 58.5373 -33.3879 5.0966 -10.5635 5.60935 -2.5748 26.9006 -21.4231 -8.09731 1.77081 14.5554 -1.51623 -14.4929 -6.45963 -23.4847 -12.9044 -5.33325 -0.440194 -4.5278 0.204432
1050 450 65.4496 -29.9275 6.40591 -10.4751 -0.347897 -0.399224 36.5421 -18.7926 -5.47435 0.261213 13.5715 -1.87235 -13.3294 -3.29152 -25.3516 -14.2453 -4.67531 0.268482 -0.276271 1.60572
950 550 50.0622 -37.1972 6.04029 -4.33156 9.50625 -15.7022 24.2175 -15.4424 -7.74759 -0.115455 15.4568 -7.9797 -1.27666 -6.54199 -14.6529 -12.4017 -6.27136 -1.14612 -3.81268 -5.34014
450 150 54.688 -24.4381 -2.97167 -2.13674 18.1983 -16.078 23.1092 -14.9341 -8.60624 1.68032 -0.619985 -5.66574 -5.31876 -2.29373 -17.5384 -14.1479 -1.4885 -1.38936 -6.48424 -0.0395767
250 450 51.4037 -29.2958 3.91665 -5.11389 21.1936 -15.7637 21.5528 -15.0427 -10.4856 3.90147 0.122479 -6.91922 -7.1421 -4.67241 -15.1714 -8.92352 -5.51351 2.1842 -4.42244 -1.53157
450 50 56.0369 -28.1918 -1.5441 -8.07942 3.53026 -9.35869 25.4649 -13.9795 -4.09207 5.40159 4.34343 -1.99886 -8.82586 -11.8721 -20.3169 -13.459 -0.474595 4.65356 -7.39492 6.08231
1450 650 58.126 -36.2365 10.793 -13.2378 16.5271 -2.8271 31.3713 -16.3344 -9.91712 5.27954 4.67886 0.817589 -11.7149 -3.75718 -25.2817 -8.74074 -4.13631 2.42357 -9.47323 5.84604
1150 450 59.1102 -29.7195 0.116028 -7.38514 19.663 -11.2869 23.5865 -19.2235 -6.8667 1.9914 -0.765915 -4.42677 -5.59799 -2.52144 -20.0623 -11.186 -4.42635 -0.0751463 -4.94859 -2.40837
950 450 56.6381 -29.6565 0.564439 -6.10714 20.0518 -14.3046 22.1556 -18.8028 -6.866 3.44627 -0.326263 -5.82043 -6.32242 -2.99774 -18.9097 -10.407 -3.43604 -0.218796 -5.37119 -1.98595
950 150 55.9111 -29.2198 2.99918 -7.54359 20.1508 -10.8322 22.5781 -17.5082 -7.731 3.52069 -0.909392 -5.32767 -7.08465 -5.02537 -18.5798 -9.03416 -4.75174 2.97167 -5.2682 -2.41791
1450 450 48.5154 -37.7458 5.32477 -0.763217 17.5072 -15.7618 24.143 -16.2295 -8.63004 -1.02304 4.52864 6.07924 4.56904 -9.06282 -21.1241 -6.73822 -5.58601 11.4865 -4.90704 2.50111
650 850 56.1181 -25.6965 -4.23631 -1.92086 19.0202 -17.9755 24.0098 -15.5513 -8.28355 0.992397 0.297549 -5.56035 -4.62651 -2.17468 -18.5439 -14.4956 -2.65442 -2.34097 -6.11054 0.722267
1250 750 60.5315 -31.8722 1.98795 -7.95386 18.9016 -9.032 24.9933 -19.5221 -5.20645 2.52197 -1.93377 -5.28423 -7.39781 -5.97079 -21.4395 -8.5085 -5.3214 1.67906 -4.95399 -0.555912
1250 350 59.9948 -30.5823 3.52799 -9.78237 17.572 -7.68296 27.6673 -18.3434 -8.51498 2.20021 -1.05141 -4.37257 -6.16727 -3.85061 -21.622 -8.78575 -6.20704 3.81612 -2.74247 -1.76293
350 350 56.8073 -29.5758 -2.31714 -8.33622 4.11447 -9.03311 24.9649 -15.3738 -4.31302 6.20778 3.50258 -2.81749 -9.93195 -12.5278 -21.8617 -13.6214 -0.213502 2.99892 -6.75405 7.4116
350 450 59.8894 -30.6718 4.00712 -8.67082 5.95257 -4.44729 27.0056 -20.9112 -5.58956 1.53837 14.0085 -3.31596 -13.632 -6.47479 -22.8507 -14.365 -3.76323 -1.37302 -4.87057 0.858698
1550 850 62.0729 -35.9431 9.66609 -13.3412 10.4929 -0.830651 35.8742 -13.3451 -12.5087 1.88684 4.57911 -0.668667 -10.0746 -6.5914 -25.4516 -6.36688 -6.46493 0.670062 -7.05672 8.45752
50 450 47.9413 -29.835 6.0442 -4.85722 22.135 -16.1892 21.9851 -12.9221 -12.051 2.59409 1.25258 -6.20437 -6.42661 -3.51003 -12.8836 -7.9853 -5.47164 1.55569 -4.49429 -2.19912
350 850 57.6365 -29.4467 -2.5932 -7.42181 3.35773 -10.8117 25.711 -16.1511 -3.14193 4.63653 3.2827 -2.36296 -10.5427 -13.0631 -20.2089 -14.0888 0.709073 2.78883 -7.53723 7.27568
450 550 51.9839 -37.4738 8.85224 -10.6936 18.6336 -8.70425 26.5062 -18.2224 -8.6147 5.72283 2.38199 -1.86981 -11.7948 -5.65897 -20.3426 -8.82687 0.481601 1.39441 -10.4938 5.94555
550 350 55.0755 -29.7833 2.15656 -6.22609 20.7812 -14.4363 21.297 -17.8373 -7.64491 4.14636 -0.815616 -6.81147 -6.92918 -3.93915 -18.0083 -9.79849 -4.04686 0.336356 -4.60065 -1.78608
150 850 57.6091 -27.956 -1.93305 -6.50934 2.827 -10.5108 26.9489 -15.6643 -3.32698 3.94763 3.91443 -2.98911 -10.892 -13.7911 -20.3084 -14.3954 1.18807 2.64576 -7.00932 7.18232
150 650 60.7974 -31.7552 2.2309 -6.81971 5.64416 -5.7861 27.4948 -21.0047 -4.86325 1.42432 12.6639 -3.8874 -14.0954 -7.5264 -22.9656 -14.6818 -2.41734 -2.47853 -6.36461 0.80442
1550 250 65.2563 -21.3214 8.08183 -11.1052 2.4664 4.05486 43.8709 -16.5571 -8.1944 1.39708 13.807 -1.49936 -11.2895 -4.30033 -18.2021 -14.8741 -6.33198 2.03414 3.94309 2.97578
