eyes/petra_va.jpg 35.47 35.86 9.51 
eyes/jachym.jpg 74.65 71.17 15.45 
eyes/marketa.jpg 81.94 58.08 16.27 
eyes/dan_ry.jpg 36.96 46.26 14.00 
eyes/misa_ma.jpg 52.28 41.45 9.36 
eyes/hanka_dl.jpg 72.26 61.99 15.20 
eyes/terka.jpg 49.84 43.20 11.07 
eyes/tyna_hl.jpg 146.95 131.03 33.23 
eyes/katka_sz.jpg 72.95 62.16 16.43 
eyes/petra_gi.jpg 149.11 132.03 35.49 
eyes/jitka.jpg 54.18 54.56 14.95 
eyes/tereza.jpg 35.64 26.08 8.08 
eyes/petr_dl.jpg 76.75 55.48 14.58 
eyes/jakub_no.jpg 38.90 36.15 8.20 
eyes/zuzka.jpg 38.22 38.65 9.39 
eyes/japonce.jpg 50.98 53.00 9.78 
eyes/bara_au.jpg 71.00 77.08 21.79 
eyes/lena.jpg 28.93 30.33 7.54 
eyes/vinzenz.jpg 48.80 38.74 9.90 
eyes/adela.jpg 36.91 36.89 11.18 
eyes/terka2.jpg 107.85 107.22 30.23 
eyes/maja.jpg 25.29 22.36 6.32 
eyes/kuba_no.jpg 74.62 54.21 14.98 
eyes/tom_sy.jpg 194.95 143.03 35.74 
eyes/veru_kr.jpg 137.09 117.12 29.03 
eyes/anezka.jpg 62.70 51.37 14.20 
eyes/kaori.jpg 84.91 105.95 26.45 
eyes/katka_sr.jpg 114.71 122.97 28.52 
eyes/tereza_ba.jpg 142.95 141.89 37.20 
eyes/anicka.jpg 96.92 110.00 20.01 
eyes/bara.jpg 47.86 48.84 11.48 
eyes/eliska.jpg 44.03 44.42 8.09 
eyes/marie_pa.jpg 77.12 78.18 19.07 
eyes/hanka.jpg 297.01 347.00 79.74 
eyes/jana.jpg 91.82 81.91 18.56 
eyes/zuzana_ha.jpg 126.66 121.95 24.70 
modelky/20.png 45.40 64.45 10.12 144.89 51.90 9.43
modelky/18.png 67.38 72.57 16.24 196.67 58.28 15.41
modelky/30.png 34.41 53.04 4.71 90.12 40.64 5.25
modelky/12.png 66.64 64.27 12.74 187.93 77.26 13.66
modelky/19.png 50.74 93.65 8.46 113.14 45.57 8.17
modelky/24.png 37.99 46.95 9.60 124.21 75.27 9.63
modelky/9.png 55.62 54.37 10.20 135.52 67.32 9.99
modelky/21.png 79.83 48.00 11.69 
modelky/1.png 29.27 28.99 4.75 65.78 61.16 4.45
modelky/4.png 34.77 38.88 7.02 98.45 38.54 7.11
modelky/11.png 65.23 78.26 15.64 
modelky/27.png 88.84 75.87 15.25 222.63 96.51 13.74
modelky/2.png 56.05 48.03 9.37 133.48 78.60 8.91
modelky/10.png 47.09 63.14 11.07 150.22 86.23 9.84
modelky/7.png 31.46 39.66 7.16 99.63 51.92 6.76
modelky/23.png 82.55 82.97 22.82 287.38 109.07 22.60
modelky/25.png 41.82 61.53 10.30 138.61 52.57 9.88
modelky/8.png 47.98 50.18 10.08 146.30 41.86 10.12
modelky/26.png 83.19 65.88 15.77 234.79 64.60 15.40
modelky/28.png 37.26 54.14 7.84 117.74 48.71 7.77
modelky/22.png 73.84 74.85 10.90 195.12 75.79 11.89
modelky/17.png 41.12 52.09 9.54 134.18 50.02 8.20
modelky/6.png 31.00 49.04 4.91 76.53 28.68 5.57
modelky/5.png 39.05 47.31 7.63 116.47 64.32 8.31
modelky/16.png 28.77 43.20 5.34 84.63 39.22 5.95
modelky/14.png 23.26 35.44 5.12 73.51 33.77 5.86
modelky/29.png 76.76 56.51 12.22 
modelky/13.png 35.25 47.87 8.84 115.39 42.91 8.34
modelky/3.png 29.62 57.61 3.45 41.22 22.84 3.27
modelky/15.png 30.32 31.09 6.62 
instagram/16788981_1270562059679980_4354564416818118656_n.jpg 280.94 89.25 13.44 370.33 69.19 12.93
instagram/16789449_1821747844518061_6067040277997027328_n.jpg 266.72 129.26 5.15 311.03 108.66 4.98
instagram/16789464_208534496289134_5850453804633292800_n.jpg 278.39 327.43 16.12 428.97 321.80 15.93
instagram/16789458_1829165670672875_3766486649857376256_n.jpg 391.77 143.29 13.63 500.95 178.46 13.10
instagram/16788500_1805048533151073_242918063157018624_n.jpg 317.94 168.09 11.35 384.77 200.83 9.50
instagram/16789729_1158722130893460_6073214770226397184_n.jpg 291.11 128.61 12.68 408.06 168.09 12.52
instagram/16788666_2041526536074486_900257009603969024_n.jpg 204.60 263.02 6.32 272.48 269.91 6.17
instagram/16789091_258635194581253_2669382527344443392_n.jpg 179.79 246.19 15.54 314.64 179.77 13.88
instagram/16789763_411096695909384_1558373491160383488_n.jpg 309.13 271.12 11.53 416.68 267.04 11.66
instagram/16788507_249038802215420_4500228434525421568_n.jpg 280.76 353.64 10.05 377.96 357.47 9.01
instagram/16788980_194874774327280_3405488884782465024_n.jpg 208.39 72.63 15.12 342.30 80.01 15.19
instagram/16583494_1453429758023128_7652362240808452096_n.jpg 314.84 179.19 7.21 392.32 178.93 7.31
instagram/16583696_1809541889305836_313876171336974336_n.jpg 194.14 137.21 15.80 370.67 143.20 15.10
instagram/16585430_372864723084858_1057911798612623360_n.jpg 137.25 291.30 9.84 241.89 309.43 8.71
instagram/16790367_257329331388769_4256345777548296192_n.jpg 252.25 203.80 11.88 375.29 204.00 13.30
instagram/16585705_1349718141753267_1722927268956733440_n.jpg 246.33 274.58 13.78 391.59 275.71 14.23
instagram/16585328_397246713966770_7097560407283335168_n.jpg 432.58 234.57 13.41 547.36 292.64 13.83
instagram/16585736_1887585198180376_4941644969682141184_n.jpg 244.76 83.10 14.35 353.81 150.47 15.54
instagram/16789069_659964794175509_7179739310797619200_n.jpg 168.07 217.90 13.50 307.85 204.92 12.70
instagram/16583121_1103033379822169_2709780487219445760_n.jpg 295.44 240.91 16.70 436.38 247.41 16.35
instagram/16788865_1398967076793150_8467281570250620928_n.jpg 290.30 82.73 9.63 373.27 133.28 9.60
instagram/16585154_1375338772539697_6711075898252066816_n.jpg 367.22 133.49 7.55 417.00 172.20 6.63
instagram/16789167_1234050483381408_6564722684322643968_n.jpg 136.32 97.25 4.75 187.02 95.33 4.89
instagram/16465004_272343596533752_6020624781177520128_n.jpg 357.62 53.36 12.92 482.29 128.42 12.86
instagram/16906188_191059308045590_5417729497304662016_n.jpg 325.73 142.74 7.25 387.56 166.15 6.74
instagram/16789549_624848240973262_2870825959634763776_n.jpg 338.74 252.75 16.05 478.17 266.34 14.98
instagram/16789069_153724465141453_219815829208825856_n.jpg 258.46 177.48 11.14 353.88 135.53 11.91
instagram/16583925_1099646623496458_1459624359004995584_n.jpg 309.22 164.10 11.77 405.48 203.96 11.76
instagram/16584090_688676147970173_1972896895319670784_n.jpg 100.46 153.70 11.34 205.69 117.22 11.33
instagram/16789374_601986989987145_6027789422282407936_n.jpg 300.86 135.93 11.45 406.23 141.34 11.62
instagram/16788627_1048295201969252_6126588964468948992_n.jpg 96.59 169.94 6.33 171.13 165.85 7.52
instagram/16585285_369767010071205_8450020642148843520_n.jpg 391.66 135.06 9.16 475.93 153.13 8.25
instagram/16584929_254554444987322_8061639690308026368_n.jpg 259.33 290.40 10.55 368.65 250.95 11.24
instagram/16789017_403012313382043_4774860746649501696_n.jpg 407.82 216.18 14.00 504.47 297.86 15.06
instagram/16906901_656193237915169_7383979986568347648_n.jpg 254.37 210.02 9.97 357.47 225.32 10.00
instagram/16790023_1812090269043605_1434938738118492160_n.jpg 337.88 119.93 15.91 491.48 77.38 16.33
instagram/16789232_179027672586258_7193864964312924160_n.jpg 262.51 144.63 9.49 354.25 124.68 9.79
instagram/16584911_380484699005067_3306613381804326912_n.jpg 406.27 175.08 12.61 542.50 200.62 14.98
instagram/16789100_278911515863178_249471848243265536_n.jpg 220.31 196.76 15.34 383.05 198.45 14.72
instagram/16585440_1820730311510603_2736686962680266752_n.jpg 401.53 190.17 17.98 553.37 190.49 14.25
instagram/16789244_1328771340516199_6243987806696243200_n.jpg 283.75 171.66 9.91 379.31 171.95 9.86
instagram/16906745_1257532104327738_4001406938448396288_n.jpg 261.24 161.80 7.07 324.40 172.99 7.62
instagram/16906174_1667025853324122_2515435570717523968_n.jpg 243.05 168.49 14.56 408.87 162.53 13.93
instagram/16789789_191248681361275_1829346473968402432_n.jpg 220.56 205.35 10.76 315.56 184.22 9.77
instagram/16788595_1213259075460902_4981829100315344896_n.jpg 229.00 279.11 21.02 437.45 279.39 19.86
instagram/16789634_1764772693841271_6521847563404967936_n.jpg 293.72 200.98 8.23 363.61 213.88 7.28
instagram/16583119_257166568067653_7585977473934819328_n.jpg 287.73 195.62 9.33 381.00 167.08 8.61
instagram/16906621_607154559481165_3120598202185678848_n.jpg 223.57 279.86 18.33 403.61 275.07 18.10
instagram/16464895_274255062987921_8123259294045962240_n.jpg 237.57 156.33 16.38 401.88 144.59 16.92
instagram/16585595_1797609797229734_8299332629396717568_n.jpg 192.32 382.91 12.09 207.62 264.56 12.02
instagram/16585138_1858812874337156_5648391450375749632_n.jpg 279.69 223.37 12.56 431.97 217.56 13.02
instagram/16789447_1891179217791580_4237210066157043712_n.jpg 309.40 212.35 9.91 377.41 285.25 8.57
instagram/16583208_637034139838193_1659876990137663488_n.jpg 289.41 215.73 9.90 391.11 209.89 9.90
instagram/16906710_908304469306910_5757311189642117120_n.jpg 443.28 171.78 15.11 587.33 166.62 17.22
instagram/16583101_1970737146546567_593889351633469440_n.jpg 276.76 127.30 14.34 402.18 133.26 13.54
instagram/16789171_413367652346868_7475221189472813056_n.jpg 332.78 149.61 8.28 408.99 156.45 7.42
instagram/16583809_273040709776211_1066238636392972288_n.jpg 309.94 142.10 14.61 434.85 168.01 12.81
instagram/16583417_1348081458600205_4483479200237355008_n.jpg 330.15 157.57 10.65 439.60 196.83 10.11
instagram/16789439_268348053602333_7023690057873620992_n.jpg 370.04 55.45 10.84 443.84 118.98 10.74
instagram/16585654_589194291287265_3014391482091044864_n.jpg 301.89 140.47 9.25 423.35 135.08 10.55
instagram/16788698_1257211250991740_5169538043236843520_n.jpg 159.26 206.66 10.69 262.33 210.68 9.77
instagram/16585085_1551210551573813_3365878767938437120_n.jpg 330.19 262.80 16.68 467.78 275.06 14.88
instagram/16583854_1342112662501964_538982373757288448_n.jpg 210.34 141.70 12.47 294.50 223.52 12.04
instagram/14723728_1212309665548519_212103257651150848_n.jpg 281.78 288.37 11.40 382.73 287.83 9.58
instagram/16583733_109505356240738_6998135281635295232_n.jpg 321.84 216.84 14.08 456.21 229.57 13.88
instagram/16789894_258313581274196_6924838817165737984_n.jpg 215.82 332.72 21.24 435.83 325.99 20.53
instagram/16584800_1041696905973704_1759286731212849152_n.jpg 258.02 198.77 10.13 348.06 156.06 12.06
instagram/16906649_1191489444298133_816054575197847552_n.jpg 241.32 347.96 14.37 397.27 328.89 15.36
instagram/16585380_1851715961708554_2422489768307720192_n.jpg 369.49 56.31 10.26 444.14 118.81 10.89
instagram/16789888_497108203746963_6221030961685987328_n.jpg 287.76 68.44 6.73 337.78 54.75 5.99
instagram/16584819_1912170455695694_5238060325139382272_n.jpg 466.99 164.01 14.28 535.80 238.56 12.51
instagram/16585522_156597211516330_671427070538022912_n.jpg 370.65 153.15 11.76 484.64 157.23 11.71
instagram/16788764_364632767255904_508671359325306880_n.jpg 376.48 216.46 10.40 464.18 265.81 11.22
instagram/16789198_708768632626264_4551803110485393408_n.jpg 274.54 167.18 10.78 393.43 170.83 11.94
instagram/16788723_1884011991881021_7408813161056305152_n.jpg 464.64 170.34 9.82 505.81 263.59 9.49
instagram/16788768_198794887264266_4195732171115200512_n.jpg 296.65 243.65 7.36 363.90 235.20 7.28
instagram/16583602_255008758257001_8446700945961648128_n.jpg 354.54 208.71 9.97 436.19 205.41 9.72
instagram/16788590_221963374937878_6309395661783564288_n.jpg 267.69 124.57 12.26 374.49 116.74 11.19
instagram/16790334_297993217270462_1732262921540468736_n.jpg 549.79 116.88 15.35 608.84 227.51 14.06
instagram/16788479_383663718679506_793307706843725824_n.jpg 274.14 217.36 17.17 433.14 189.10 17.98
instagram/16906236_1275959342439513_1978363387960098816_n.jpg 210.35 177.56 7.81 283.94 144.37 7.87
instagram/16463887_613297445535290_7017210537066889216_n.jpg 380.26 90.60 16.70 534.71 96.92 18.07
instagram/16788549_1869271219951574_2481077662005592064_n.jpg 273.19 230.76 10.04 376.48 225.29 10.93
instagram/16465678_1825230724431022_8408805667824992256_n.jpg 242.04 199.19 11.36 357.70 199.10 12.00
instagram/16906474_734559486703017_6956876511529926656_n.jpg 368.41 403.50 18.74 560.05 403.14 18.92
instagram/16585660_1011002565710204_4200347590216122368_n.jpg 129.48 305.99 15.39 269.79 299.97 15.99
instagram/16585442_578213269044943_7472174489996886016_n.jpg 296.18 147.63 10.09 392.66 138.43 11.21
instagram/16788859_211529019322339_6380765193470738432_n.jpg 204.95 232.56 11.45 306.44 268.08 10.98
instagram/16583617_1863009187245664_5259669873268621312_n.jpg 470.68 198.50 10.18 577.55 230.45 10.18
instagram/16585290_1230438560397147_5245317887861719040_n.jpg 288.39 193.67 11.67 374.78 191.56 10.41
instagram/16789458_1239195409489750_4676875066405814272_n.jpg 240.85 218.08 10.78 317.91 237.66 9.22
instagram/16789860_610353742489386_4253640459252924416_n.jpg 221.17 233.19 11.48 318.00 197.90 10.58
instagram/16789004_382550492119799_2022892002567258112_n.jpg 200.24 239.40 12.50 302.34 154.82 13.20
instagram/16788582_723054964536954_6408139992165515264_n.jpg 156.30 103.05 19.50 341.18 121.88 19.32
instagram/16789935_763352983831938_7800266603651661824_n.jpg 354.23 163.08 9.09 439.77 187.23 8.17
instagram/16788754_1182263645224916_8478461516150996992_n.jpg 282.90 261.81 9.77 403.48 262.44 10.36
instagram/16789826_651212061733654_1170629994070671360_n.jpg 227.73 248.36 13.65 353.29 247.57 12.31
instagram/16790100_1343364552409780_7948569084193406976_n.jpg 323.62 302.34 10.75 408.22 335.86 9.32
instagram/16788408_1767943463523228_6317832605345513472_n.jpg 383.65 115.34 13.57 478.10 194.27 12.81
instagram/16465039_1686504591641926_7898244703278071808_n.jpg 170.81 21.59 7.10 236.61 17.07 6.29
instagram/16465003_831211577018209_9047058161860608000_n.jpg 252.29 114.03 18.77 434.22 131.06 18.23
instagram/16789416_272505019837786_3121547063540580352_n.jpg 306.76 184.61 11.14 398.66 173.12 11.09
instagram/16790245_1870564969822666_8015854754817114112_n.jpg 525.44 216.60 12.21 540.74 337.02 14.62
instagram/16584813_152436698603496_4018829597838671872_n.jpg 279.41 166.56 8.81 355.94 179.39 8.23
instagram/16906605_281507302268942_3320211110824509440_n.jpg 208.62 241.21 8.42 273.08 263.73 7.16
instagram/16788793_385713401784128_6127549791602737152_n.jpg 59.61 77.62 15.32 194.38 36.70 14.12
instagram/16906391_1174714085978514_4644277754982825984_n.jpg 273.24 243.64 9.35 371.40 243.52 9.19
instagram/16788615_251264258664981_9166681956061020160_n.jpg 290.43 125.04 11.96 403.81 164.83 11.32
instagram/16585560_589497104577612_6860619327989612544_n.jpg 272.54 156.83 14.30 392.17 107.65 13.60
instagram/16465697_1254244434667512_7395366189683179520_n.jpg 141.60 246.92 13.60 257.86 282.98 14.38
instagram/16585108_641835132671103_4026835279439462400_n.jpg 236.39 213.74 10.55 341.99 175.98 9.65
instagram/16789152_1093050214155356_2231316397391085568_n.jpg 40.50 122.16 12.08 139.79 57.47 12.29
instagram/16788686_1795621314092702_2589628789998747648_n.jpg 323.25 107.16 22.96 537.79 181.16 23.65
instagram/16583284_2190386494321628_829695000487919616_n.jpg 246.48 292.85 10.00 359.50 285.69 10.88
instagram/16585326_1775163219469200_2296003419527184384_n.jpg 310.72 98.53 16.03 463.11 85.17 18.90
instagram/16465740_1715688632056068_4588743299564568576_n.jpg 125.16 116.34 11.97 228.51 93.67 9.19
instagram/16906738_121481981707161_2778816485865291776_n.jpg 275.70 136.28 10.90 395.18 143.76 11.55
instagram/16906826_1271723569579252_5269373583074787328_n.jpg 175.79 160.93 6.86 240.38 163.06 5.95
instagram/16790313_817453088401772_6515544612998742016_n.jpg 335.32 306.88 11.20 454.65 314.01 11.33
instagram/16583746_609936432534572_3451981119782649856_n.jpg 305.26 244.10 12.06 396.88 282.14 10.03
instagram/16790370_1674241722875008_7574503039306825728_n.jpg 190.58 256.91 10.72 308.05 255.94 10.67
instagram/16906719_1217727051656470_881112433400217600_n.jpg 362.77 158.08 12.37 473.19 145.42 12.10
instagram/16789900_1912048609082400_5454184415208931328_n.jpg 315.47 206.01 19.25 496.16 197.89 20.15
instagram/16790366_1862137697408652_2516062073302024192_n.jpg 472.17 104.67 10.73 593.90 148.77 11.77
instagram/16585729_892829274192359_2769212629753790464_n.jpg 309.19 207.76 10.31 409.50 212.45 10.67
instagram/16788954_1848059438805021_159627763840450560_n.jpg 292.18 183.25 11.76 386.80 178.35 9.94
instagram/16464802_1871421193072690_951320296692908032_n.jpg 334.76 378.86 16.03 485.15 303.13 17.12
instagram/16585433_289814218100983_5362144223833358336_n.jpg 221.85 119.89 14.64 370.63 108.80 14.95
instagram/16464282_647744365409901_3638219422952325120_n.jpg 262.64 290.66 9.14 367.81 287.88 9.71
instagram/16789089_1857868727789320_3266925723620737024_n.jpg 239.25 266.13 7.73 334.01 266.61 7.94
instagram/16789767_103971346795406_771801534282334208_n.jpg 409.74 495.50 8.87 485.00 459.98 10.22
instagram/16583687_1698429240455170_8035187961689538560_n.jpg 377.32 157.47 8.86 466.57 200.75 9.61
instagram/16583989_1866682570214975_6414625040595156992_n.jpg 89.13 93.32 28.87 354.60 64.05 30.50
instagram/16790322_824725224332159_7476810271537758208_n.jpg 285.64 125.56 10.00 374.67 79.92 11.02
instagram/16585127_401072756907546_2398430156084477952_n.jpg 222.29 369.67 7.77 293.45 368.49 6.55
instagram/16790132_298927490525481_1183961649866866688_n.jpg 92.85 149.85 8.58 168.62 114.65 8.54
instagram/16584008_201273573685178_4580486705974345728_n.jpg 252.43 194.72 9.23 342.12 192.95 9.95
instagram/16583690_2032539203639841_2312651331241771008_n.jpg 171.11 137.89 10.18 227.25 74.20 9.58
instagram/16906873_1108265312616712_8992674938066305024_n.jpg 210.22 149.79 12.96 333.85 138.68 11.88
instagram/16789166_664770377029198_5757295135054364672_n.jpg 258.17 199.41 7.41 348.54 202.93 8.25
instagram/16789050_1291695417564365_4206419720489926656_n.jpg 305.03 188.91 10.03 407.02 174.01 10.22
instagram/16788983_761990273965856_5605695816141373440_n.jpg 287.46 101.84 10.16 399.94 77.74 11.16
instagram/16788935_380521118969967_4887634076602728448_n.jpg 59.32 253.66 12.34 178.05 238.66 13.64
